[{"p":{"Left Leg":[0,0.0154375359416008,0,1,0,0,0,1,0,0,0,1],"Right Arm":[2.319764860203577e-7,-0.007150710094720125,4.172325134277344e-7,0.9999317526817322,-0.007084675133228302,0.00928573589771986,0.0070869214832782749,0.9999748468399048,-0.00020895974012091756,-0.009284022264182568,0.00027475948445498943,0.9999568462371826],"Left Arm":[-8.43626040136769e-8,-0.02944391593337059,-4.172325134277344e-7,0.9996825456619263,0.006076481193304062,-0.024450473487377168,-0.006034093908965588,0.9999801516532898,0.001806903281249106,0.024460967630147935,-0.0016587850404903293,0.9996994137763977],"Torso":[0,0,-0.01666652411222458,1,0,0,0,1,0,0,0,1],"Right Leg":[0,0.01244660560041666,0,1,0,0,0,1,0,0,0,1],"Head":[-2.39955312508755e-7,-1.8995125472542896e-8,3.327949968934263e-7,0.999992847442627,-0.003785893088206649,-2.670358298928477e-7,0.0037858483847230675,0.9999814033508301,-0.004782568663358688,0.000018367118173046039,0.004782533273100853,0.9999885559082031]},"t":0.0012046000047121198},{"p":{"Left Leg":[0.0431395061314106,0.05481470376253128,0.006762492470443249,0.9955611228942871,-0.08284840732812882,0.044655926525592807,0.08093271404504776,0.9957861304283142,0.043125830590724948,-0.04804067313671112,-0.03932026028633118,0.9980711340904236],"Right Arm":[-0.007139559835195541,-0.13206277787685395,0.007034689653664827,0.9994507431983948,0.029319627210497857,-0.01544587966054678,-0.026709111407399179,0.9885833263397217,0.14828884601593018,0.019617315381765367,-0.14779484272003175,0.9888234734535217],"Left Arm":[0.0014616722473874689,-0.090975821018219,0.09055866301059723,0.9694466590881348,-0.02964402548968792,-0.2435043752193451,0.06341113150119782,0.9892156720161438,0.13202793896198274,0.23696449398994447,-0.14343492686748506,0.9608716368675232],"Torso":[0.01356485765427351,-0.009020592086017132,-0.02025395818054676,0.9994017481803894,0.016808433458209039,0.030226200819015504,-0.01693933643400669,0.9998481869697571,0.004079731181263924,-0.03015303611755371,-0.0045893192291259769,0.9995347261428833],"Right Leg":[0.16497613489627839,0.13416782021522523,-0.0029534122440963985,0.9997237920761108,-0.012887411750853062,0.01965273730456829,0.013609730638563633,0.9992198348045349,-0.03707537427544594,-0.019159609451889993,0.037332598119974139,0.999119222164154],"Head":[-1.9729893097064633e-7,-2.9084688435432328e-8,1.2917290348468669e-7,0.9965081810951233,-0.07320302724838257,-0.040158506482839587,0.07028664648532868,0.9950838088989258,-0.0697714164853096,0.04506855830550194,0.06670517474412918,0.9967543482780457]},"t":0.016746799985412509},{"p":{"Left Leg":[0.07397938519716263,0.08803395181894303,0.013185884803533554,0.985385000705719,-0.1525181531906128,0.07585929334163666,0.14612770080566407,0.9857199192047119,0.0836830884218216,-0.08753921091556549,-0.07137490808963776,0.9936007857322693],"Right Arm":[-0.015084086917340756,-0.22151847183704377,0.02600078284740448,0.9970992803573608,0.06137135624885559,-0.04501718655228615,-0.04674268513917923,0.9605425000190735,0.27417755126953127,0.0600675605237484,-0.2712780237197876,0.9606248736381531],"Left Arm":[0.004524546209722757,-0.13474684953689576,0.15120252966880799,0.9202824234962463,-0.04148445650935173,-0.38904911279678347,0.13972170650959016,0.9636421799659729,0.22775337100028993,0.3654559254646301,-0.2639560401439667,0.892619252204895],"Torso":[0.023420097306370736,-0.015998154878616334,-0.03741830587387085,0.9980813264846802,0.026022646576166154,0.056183237582445148,-0.026448655873537065,0.9996266961097717,0.006852157413959503,-0.05598395690321922,-0.008324976079165936,0.9983969926834106],"Right Leg":[0.28935468196868899,0.22691455483436585,-0.0022642305120825769,0.9989112019538879,-0.0341733880341053,0.0317581482231617,0.03631115332245827,0.9969297647476196,-0.06937272101640701,-0.029289938509464265,0.07045035809278488,0.9970851540565491],"Head":[-1.9206041201869085e-7,-7.81772335756159e-9,1.3778411300791049e-8,0.9899945855140686,-0.12424524873495102,-0.06688673049211502,0.115662582218647,0.986049234867096,-0.11970397084951401,0.08082626014947891,0.11076999455690384,0.9905539751052856]},"t":0.02896409999812022},{"p":{"Left Leg":[0.10189501941204071,0.12283559888601303,0.022410839796066285,0.9674367904663086,-0.2311764508485794,0.10307012498378754,0.21707765758037568,0.9672116637229919,0.13182909786701203,-0.1301664113998413,-0.10516209900379181,0.9858993887901306],"Right Arm":[-0.025379536673426629,-0.3021705448627472,0.05741973966360092,0.9922196865081787,0.09892407804727555,-0.07559141516685486,-0.05925200134515762,0.9092079997062683,0.41210442781448367,0.1094953715801239,-0.4044191837310791,0.9079955220222473],"Left Arm":[0.005231653340160847,-0.17636637389659882,0.20328420400619508,0.8618099689483643,-0.04041460156440735,-0.505618691444397,0.2279486358165741,0.9213501214981079,0.31488630175590517,0.45312580466270449,-0.3866272270679474,0.8032411336898804],"Torso":[0.033135347068309787,-0.023256463930010797,-0.06992151588201523,0.9958893060684204,0.03078114613890648,0.0851883813738823,-0.031704772263765338,0.9994520545005798,0.009510315954685212,-0.08484896272420883,-0.012172084301710129,0.9963194727897644],"Right Leg":[0.41446006298065188,0.3191281855106354,0.0023586086463183166,0.9973387122154236,-0.060597728937864307,0.040538787841796878,0.06455056369304657,0.9924167394638062,-0.10460516065359116,-0.03389251232147217,0.10694358497858048,0.9936872124671936],"Head":[-1.8161458115173446e-7,1.0818451023908438e-8,-6.667157492756815e-8,0.980705201625824,-0.17273874580860139,-0.09153527021408081,0.15544246137142182,0.9729791283607483,-0.1707315742969513,0.11855386197566986,0.1532088816165924,0.9810565710067749]},"t":0.04078969999682158},{"p":{"Left Leg":[0.12545163929462434,0.1580786406993866,0.035887349396944049,0.9391418099403381,-0.3204069435596466,0.12390340864658356,0.29486533999443056,0.9369015693664551,0.18780267238616944,-0.17625857889652253,-0.1398385465145111,0.9743603467941284],"Right Arm":[-0.038141679018735889,-0.3694951832294464,0.10192535817623139,0.9850045442581177,0.14133785665035249,-0.09894300997257233,-0.06262648105621338,0.8272803425788879,0.5582876801490784,0.1607608050107956,-0.543719470500946,0.8237263560295105],"Left Arm":[0.000016593592590652407,-0.2158513069152832,0.2447509914636612,0.8084205985069275,-0.03073832392692566,-0.5878021121025086,0.3176349699497223,0.8635293841362,0.391695111989975,0.4955443739891052,-0.5033608675003052,0.7078585028648377],"Torso":[0.04282791167497635,-0.0308828242123127,-0.12062246352434159,0.9926363825798035,0.029722023755311967,0.11742924898862839,-0.03137955814599991,0.9994319677352905,0.012291294522583485,-0.11699721962213516,-0.015885652974247934,0.9930052161216736],"Right Leg":[0.5404446721076965,0.40943944454193118,0.012189650908112526,0.995108962059021,-0.08805589377880097,0.0447695255279541,0.09359338879585266,0.9854084253311157,-0.14216385781764985,-0.03159792721271515,0.14565865695476533,0.9888302087783814],"Head":[-1.1382430642470354e-7,2.479908278729681e-9,-1.2210584543481673e-8,0.9692848324775696,-0.2174234539270401,-0.11495184898376465,0.18812023103237153,0.9565114378929138,-0.22292739152908326,0.15842241048812867,0.1944553554058075,0.9680337905883789]},"t":0.05579710000893101},{"p":{"Left Leg":[0.151825949549675,0.20694857835769654,0.058704737573862079,0.8824055790901184,-0.4494142532348633,0.13923823833465577,0.4021362066268921,0.874045729637146,0.2726362943649292,-0.24422720074653626,-0.18458303809165955,0.9519885182380676],"Right Arm":[-0.05885425955057144,-0.4439985454082489,0.18085308372974397,0.9708278179168701,0.2064085304737091,-0.12201999127864838,-0.04737702012062073,0.6639831066131592,0.746245265007019,0.23505057394504548,-0.7186946868896484,0.6543922424316406],"Left Arm":[-0.011808119714260102,-0.2650635540485382,0.28602564334869387,0.7589772939682007,-0.01620711386203766,-0.6509153842926025,0.42901527881622317,0.7644529938697815,0.4812043309211731,0.4897952377796173,-0.6444757580757141,0.5871555209159851],"Torso":[0.055573247373104098,-0.041517581790685657,-0.2128409743309021,0.9860634803771973,0.020898615941405298,0.16505160927772523,-0.02395431511104107,0.9995761513710022,0.016544615849852563,-0.16463589668273927,-0.02026774175465107,0.9861461520195007],"Right Leg":[0.7096064686775208,0.5284035801887512,0.03184833750128746,0.9902217388153076,-0.13176368176937104,0.045817043632268909,0.138264462351799,0.9706469178199768,-0.19679290056228639,-0.018542010337114335,0.20120349526405335,0.9793739318847656],"Head":[-1.857811504635265e-8,-2.07991668332852e-8,7.358295306403306e-8,0.9515069723129273,-0.2720806896686554,-0.14354991912841798,0.22178460657596589,0.9300962090492249,-0.2928013801574707,0.21318084001541139,0.2467653751373291,0.9453363418579102]},"t":0.0715757999860216},{"p":{"Left Leg":[0.16173337399959565,0.25643348693847659,0.0922534391283989,0.8018330335617065,-0.5819376111030579,0.13569214940071107,0.5048639178276062,0.7812386155128479,0.3671221137046814,-0.31965014338493349,-0.22586458921432496,0.9202222228050232],"Right Arm":[-0.08252076804637909,-0.48906776309013369,0.2886248826980591,0.9534425139427185,0.272794634103775,-0.1285714954137802,-0.0007658600807189941,0.4285221993923187,0.903531014919281,0.30157411098480227,-0.861366331577301,0.40878015756607058],"Left Arm":[-0.020103836432099344,-0.30835244059562685,0.3092253506183624,0.7505433559417725,-0.017917796969413759,-0.6605783104896545,0.5137874484062195,0.6444762945175171,0.5662798285484314,0.4155805706977844,-0.764414370059967,0.4929133355617523],"Torso":[0.06879237294197083,-0.05509570613503456,-0.34009701013565066,0.9757298231124878,0.0003824387677013874,0.21897760033607484,-0.003364700125530362,0.999906599521637,0.013246278278529644,-0.21895208954811097,-0.013661582954227925,0.9756399989128113],"Right Leg":[0.8775967955589294,0.6528250575065613,0.06138911470770836,0.9818622469902039,-0.18544314801692964,0.039464063942432407,0.1893356293439865,0.948137640953064,-0.25531744956970217,0.009929521009325982,0.25815850496292117,0.9660515189170837],"Head":[3.4422683370394228e-8,-5.0005471763370227e-8,1.3510810958905496e-7,0.9315890669822693,-0.32122960686683657,-0.17015698552131654,0.24511811137199403,0.9007681608200073,-0.3585161864757538,0.2684380114078522,0.2922811806201935,0.9178849458694458]},"t":0.08721080000395887},{"p":{"Left Leg":[0.07160064578056336,0.28523489832878115,0.16855311393737794,0.7288872003555298,-0.6758352518081665,0.10940848290920258,0.5669471025466919,0.6854197382926941,0.456914484500885,-0.38378965854644778,-0.27101027965545657,0.8827564716339111],"Right Arm":[-0.09560193866491318,-0.398434579372406,0.4548811912536621,0.9526087641716003,0.2814035713672638,-0.11553537845611572,0.09037142992019654,0.100860096514225,0.9907876253128052,0.2904641032218933,-0.9542741775512695,0.07064937055110932],"Left Arm":[0.0418100580573082,-0.31912219524383547,0.2869056463241577,0.8405717611312866,-0.10322852432727814,-0.5317735075950623,0.4944378733634949,0.5472356081008911,0.6753254532814026,0.22129251062870027,-0.8305884003639221,0.5110308527946472],"Torso":[0.0840771347284317,-0.08615966141223908,-0.5343481302261353,0.9589667320251465,-0.0506606325507164,0.27895575761795046,0.0696294829249382,0.9958555698394775,-0.05850992724299431,-0.274835467338562,0.07553262263536453,0.9585198163986206],"Right Leg":[0.9844220876693726,0.8044161796569824,0.11408177763223648,0.9677971005439758,-0.25172722339630129,0.00147353857755661,0.24078793823719026,0.9240007996559143,-0.29705843329429629,0.07341613620519638,0.2878471314907074,0.9548581838607788],"Head":[-1.0136658090686979e-7,-2.5999920438835035e-8,5.804778879792138e-7,0.9154185652732849,-0.35153207182884219,-0.19604577124118806,0.26019152998924258,0.8884372711181641,-0.37812623381614687,0.3070979118347168,0.2951343357563019,0.9047577381134033]},"t":0.10253549998742528},{"p":{"Left Leg":[-0.013325050473213196,0.28016406297683718,0.2158925086259842,0.7162393927574158,-0.692050039768219,0.08982096612453461,0.5760806202888489,0.6589831709861755,0.48360344767570498,-0.39386826753616335,-0.2946317493915558,0.8706663250923157],"Right Arm":[-0.09657128900289536,-0.2785944938659668,0.5486466884613037,0.9590600728988648,0.25810378789901736,-0.11655968427658081,0.13206560909748078,-0.04351543262600899,0.990285336971283,0.25052422285079958,-0.965136706829071,-0.07582055032253266],"Left Arm":[0.09039805829524994,-0.29651665687561037,0.23703604936599732,0.9108076095581055,-0.19908247888088227,-0.36165672540664675,0.4095120429992676,0.5465549230575562,0.730463981628418,0.05224268138408661,-0.8134149312973023,0.5793330669403076],"Torso":[0.08816997706890106,-0.10355401784181595,-0.6444612145423889,0.9489423036575317,-0.08671077340841294,0.3032981753349304,0.12581200897693635,0.9857320189476013,-0.11181987822055817,-0.28927475214004519,0.1442691534757614,0.9463120698928833],"Right Leg":[0.9705132842063904,0.848810076713562,0.14702293276786805,0.9587482810020447,-0.28222930431365969,-0.03388851508498192,0.2592238187789917,0.9170004725456238,-0.30317193269729617,0.11663976311683655,0.28188085556030276,0.9523331522941589],"Head":[-1.9356619418431365e-7,-3.6484983922946414e-9,9.26924940358731e-7,0.918307363986969,-0.33870378136634829,-0.20491810142993928,0.2529633343219757,0.9002400636672974,-0.3543691337108612,0.30450165271759035,0.2735830247402191,0.9123766422271729]},"t":0.11806440001237206},{"p":{"Left Leg":[-0.14545057713985444,0.3044109344482422,0.2523336708545685,0.7325079441070557,-0.6753440499305725,0.085688516497612,0.5527059435844421,0.6634752154350281,0.5042983293533325,-0.3974270820617676,-0.32204195857048037,0.85926753282547],"Right Arm":[-0.08123491704463959,-0.13078097999095918,0.6373371481895447,0.9701740145683289,0.19656053185462953,-0.14186735451221467,0.18197980523109437,-0.20394201576709748,0.961920440196991,0.16014288365840913,-0.959047257900238,-0.2336292862892151],"Left Arm":[0.20446589589118958,-0.26532241702079775,0.21040654182434083,0.9406723380088806,-0.27727270126342776,-0.19558969140052796,0.3237612247467041,0.5609086751937866,0.7619449496269226,-0.10155854374170304,-0.7800648808479309,0.6174014806747437],"Torso":[0.09907516092061997,-0.12978626787662507,-0.7463607788085938,0.9363968968391419,-0.12211516499519348,0.3290117681026459,0.19619673490524293,0.9594742059707642,-0.20227748155593873,-0.2909771502017975,0.25396302342414858,0.9224072098731995],"Right Leg":[0.9182751178741455,0.939572811126709,0.17947065830230714,0.942131519317627,-0.32626834511756899,-0.07705344259738922,0.29022857546806338,0.9088313579559326,-0.2996547818183899,0.16779646277427674,0.259951114654541,0.9509310126304627],"Head":[-1.214358462675591e-7,1.0679600848106929e-7,9.486044518780545e-7,0.919060230255127,-0.3359832167625427,-0.20601814985275269,0.264600932598114,0.9134268164634705,-0.3092535436153412,0.29208651185035708,0.22971001267433167,0.9283958077430725]},"t":0.1331030000001192},{"p":{"Left Leg":[-0.2802109718322754,0.33298343420028689,0.2850530445575714,0.7526760101318359,-0.652846097946167,0.08526842296123505,0.5239287614822388,0.6723446846008301,0.522925615310669,-0.3987197279930115,-0.3489190340042114,0.8481025695800781],"Right Arm":[-0.06357882916927338,0.015361636877059937,0.7209590673446655,0.9743421077728272,0.13867555558681489,-0.17727532982826234,0.21632324159145356,-0.3595263361930847,0.9077141880989075,0.062142618000507358,-0.9227729439735413,-0.3803004026412964],"Left Arm":[0.32540854811668398,-0.23398129642009736,0.18933820724487306,0.938542366027832,-0.343331515789032,-0.03552136570215225,0.24128983914852143,0.5790238380432129,0.7787879109382629,-0.2468147575855255,-0.7394964098930359,0.6262807846069336],"Torso":[0.11074031889438629,-0.15644246339797975,-0.8419938087463379,0.9215691089630127,-0.15263354778289796,0.35695016384124758,0.26507410407066347,0.9191655516624451,-0.29132524132728579,-0.2836303114891052,0.36309459805488589,0.8875337839126587],"Right Leg":[0.861336886882782,1.0347394943237305,0.21031764149665833,0.9215477108955383,-0.3693735599517822,-0.11963697522878647,0.32202911376953127,0.899283766746521,-0.29594922065734866,0.21690338850021363,0.23420476913452149,0.9476819634437561],"Head":[-2.2093814777690569e-8,2.2848999492453005e-7,9.088676620194747e-7,0.9193296432495117,-0.33545219898223879,-0.20568129420280457,0.2786652445793152,0.9240816831588745,-0.26156967878341677,0.2778104543685913,0.18315252661705018,0.9430145621299744]},"t":0.14886180000030437},{"p":{"Left Leg":[-0.381278395652771,0.3544121980667114,0.3095918595790863,0.7672662138938904,-0.6356220841407776,0.08536475896835327,0.5020199418067932,0.6780887246131897,0.5368162393569946,-0.3990970849990845,-0.36902615427970889,0.839369535446167],"Right Arm":[-0.05033713951706886,0.12496548891067505,0.7836737632751465,0.9728776216506958,0.10190953314304352,-0.20766162872314454,0.23103438317775727,-0.47266948223114016,0.8504155874252319,-0.01148984581232071,-0.8753273487091065,-0.48339420557022097],"Left Arm":[0.41611289978027346,-0.2104761302471161,0.17353740334510804,0.9175997972488403,-0.3884686827659607,0.08427762985229492,0.17937304079532624,0.5938537120819092,0.7843233346939087,-0.3547336161136627,-0.7045778036117554,0.6146008968353272],"Torso":[0.11948893964290619,-0.17643404006958009,-0.9137164950370789,0.9086841344833374,-0.1728648990392685,0.3800143301486969,0.31562477350234988,0.8802588582038879,-0.354295551776886,-0.2732657492160797,0.44188469648361208,0.8544377088546753],"Right Leg":[0.8186344504356384,1.1061124801635743,0.2334522157907486,0.903655469417572,-0.40059733390808108,-0.15142180025577546,0.3456903100013733,0.8910201787948608,-0.2942467927932739,0.25279438495635989,0.21355265378952027,0.9436579346656799],"Head":[5.241057010607619e-8,3.197578735125717e-7,8.79065908065968e-7,0.9194861650466919,-0.3351620137691498,-0.20545484125614167,0.2888115346431732,0.9304812550544739,-0.2253720909357071,0.26670804619789126,0.14788879454135896,0.9523632526397705]},"t":0.16497819998767228},{"p":{"Left Leg":[-0.4988858699798584,0.4153369963169098,0.30809202790260317,0.7945088148117065,-0.6007817983627319,0.0884133130311966,0.46119391918182375,0.6916958093643189,0.5557491183280945,-0.39503902196884158,-0.4007719159126282,0.8266353011131287],"Right Arm":[-0.015746543183922769,0.2701808512210846,0.8481906056404114,0.9615370631217957,-0.0016750693321228028,-0.27466994524002077,0.21304607391357423,-0.6266286373138428,0.7496318817138672,-0.17337173223495484,-0.7793161869049072,-0.6021698117256165],"Left Arm":[0.5472521185874939,-0.1800365149974823,0.13875140249729157,0.871746838092804,-0.43551331758499148,0.2244674265384674,0.10647685825824738,0.6155841946601868,0.7808449864387512,-0.4782469570636749,-0.6567985415458679,0.5830056667327881],"Torso":[0.14343133568763734,-0.19968371093273164,-1.0174062252044678,0.8871721029281616,-0.20916126668453217,0.41131162643432619,0.3893508315086365,0.8177075982093811,-0.42398136854171755,-0.24765217304229737,0.5362889766693115,0.8068844676017761],"Right Leg":[0.7316642999649048,1.2082768678665162,0.26698678731918337,0.8756868243217468,-0.43405961990356448,-0.21157699823379517,0.3691493272781372,0.8842185735702515,-0.2861577570438385,0.31128984689712527,0.17248108983039857,0.9345313906669617],"Head":[4.7323471363824868e-8,2.6688363163884789e-7,8.175078960448445e-7,0.9203650951385498,-0.33591118454933169,-0.20022940635681153,0.30387887358665469,0.9365987181663513,-0.17447209358215333,0.2461417317390442,0.09973251819610596,0.964089035987854]},"t":0.18049430000246503},{"p":{"Left Leg":[-0.6063146591186523,0.4954599142074585,0.28628626465797427,0.8245784044265747,-0.5578934550285339,0.09394347667694092,0.4126303791999817,0.7066624164581299,0.5747733116149902,-0.3870486319065094,-0.43518170714378359,0.8129023313522339],"Right Arm":[0.028893135488033296,0.4148459732532501,0.9013704061508179,0.923438549041748,-0.1149299144744873,-0.3661319315433502,0.14967629313468934,-0.7706606984138489,0.6194183826446533,-0.3533531725406647,-0.6267960071563721,-0.6944554448127747],"Left Arm":[0.6844420433044434,-0.15013183653354646,0.09582522511482239,0.809451699256897,-0.4721735715866089,0.3490560054779053,0.04098360240459442,0.6384362578392029,0.768582820892334,-0.5857545137405396,-0.6078250408172607,0.5361347198486328],"Torso":[0.1746591329574585,-0.220911905169487,-1.1258769035339356,0.8604812622070313,-0.2482420802116394,0.4449133276939392,0.4635881781578064,0.7437127828598023,-0.48164016008377077,-0.21132439374923707,0.620698869228363,0.755033016204834],"Right Leg":[0.6268728971481323,1.3145939111709595,0.3021162450313568,0.8419260382652283,-0.46029847860336306,-0.2815772294998169,0.3885725736618042,0.8792662024497986,-0.2755034863948822,0.3743951916694641,0.12254035472869873,0.9191365838050842],"Head":[-1.9732716793896544e-8,1.1041919378840248e-7,7.430010100506479e-7,0.9214115738868713,-0.33774787187576296,-0.19216440618038178,0.31912559270858767,0.9398630261421204,-0.12172263860702515,0.22171978652477265,0.050832077860832217,0.9737846255302429]},"t":0.19563500001095236},{"p":{"Left Leg":[-0.6361266374588013,0.5389196872711182,0.25618526339530947,0.842724084854126,-0.5289263129234314,0.10026511549949646,0.3807568848133087,0.7172718048095703,0.5835626125335693,-0.3805789649486542,-0.45360565185546877,0.8058545589447022],"Right Arm":[0.07160992920398712,0.47234058380126955,0.9085610508918762,0.8775508999824524,-0.21668042242527009,-0.4277319014072418,0.06585632264614105,-0.8291446566581726,0.5551415085792542,-0.47493991255760195,-0.5153335928916931,-0.7133466601371765],"Left Arm":[0.7531039714813232,-0.1488247662782669,0.04920601844787598,0.7702252864837647,-0.49600160121917727,0.40091806650161745,0.007502913475036621,0.635626494884491,0.7719602584838867,-0.637727677822113,-0.5915752649307251,0.49329710006713869],"Torso":[0.20300567150115968,-0.2273997664451599,-1.1891498565673829,0.8441601395606995,-0.2764124274253845,0.4593362808227539,0.5031788349151611,0.7041279673576355,-0.5010138154029846,-0.18494510650634767,0.6540642380714417,0.7334816455841065],"Right Leg":[0.5669485330581665,1.3769479990005494,0.3257294297218323,0.8227027654647827,-0.4652322828769684,-0.32667890191078188,0.3948931396007538,0.881085216999054,-0.26028499007225039,0.4089249074459076,0.08513391762971878,0.9085882902145386],"Head":[-4.32968221275587e-8,5.7780717099831239e-8,6.252292905628565e-7,0.9230302572250366,-0.33747702836990359,-0.1847279816865921,0.3249198794364929,0.9409156441688538,-0.09541894495487213,0.20601515471935273,0.028052765876054765,0.9781466126441956]},"t":0.20802359998924659},{"p":{"Left Leg":[-0.609131932258606,0.5749984979629517,0.1979721188545227,0.8618428707122803,-0.49489665031433108,0.11092430353164673,0.34450650215148928,0.7317563891410828,0.58808833360672,-0.3722124993801117,-0.46862560510635378,0.8011541366577148],"Right Arm":[0.1407151222229004,0.481936514377594,0.8751579523086548,0.7818192839622498,-0.3772558867931366,-0.49642395973205569,-0.07770955562591553,-0.8489317297935486,0.5227581858634949,-0.6186436414718628,-0.3701254725456238,-0.6930274963378906],"Left Arm":[0.7996469736099243,-0.17485547065734864,-0.03192399442195892,0.7390475273132324,-0.5273542404174805,0.41917315125465395,-0.019829511642456056,0.6049391031265259,0.796024739742279,-0.6733613014221191,-0.5966121554374695,0.43662160634994509],"Torso":[0.24728021025657655,-0.22364646196365357,-1.249743938446045,0.8285990357398987,-0.31569692492485049,0.46234089136123659,0.5378010272979736,0.6783003211021423,-0.500678300857544,-0.15554337203502656,0.6635090112686157,0.7318211197853088],"Right Leg":[0.5115938782691956,1.4372330904006959,0.3536204993724823,0.8075355887413025,-0.4533255994319916,-0.3773355484008789,0.39294299483299258,0.8905907869338989,-0.2290061116218567,0.4398658871650696,0.03665921092033386,0.8973149061203003],"Head":[-3.95714785383916e-8,7.268209145649962e-8,3.8680732927787178e-7,0.926347553730011,-0.3346812427043915,-0.1728253811597824,0.32584038376808169,0.9421952962875366,-0.07807689160108566,0.18896614015102387,0.016012834385037423,0.9818530082702637]},"t":0.2240250000031665},{"p":{"Left Leg":[-0.5872342586517334,0.5978407263755798,0.15713204443454743,0.8741761445999146,-0.47051218152046206,0.1201431155204773,0.3185684382915497,0.7423765063285828,0.5893990993499756,-0.36651089787483218,-0.4769648313522339,0.7988581657409668],"Right Arm":[0.19185549020767213,0.48429587483406069,0.846630334854126,0.6944389343261719,-0.4719916880130768,-0.543118953704834,-0.18237492442131043,-0.8456096053123474,0.5016809105873108,-0.6960558891296387,-0.24933552742004395,-0.6733037829399109],"Left Arm":[0.8324312567710877,-0.19578459858894349,-0.08906377851963043,0.7166991233825684,-0.5516040325164795,0.42670291662216189,-0.03984537720680237,0.5784748196601868,0.8147265315055847,-0.6962433457374573,-0.6009158492088318,0.3926135003566742],"Torso":[0.2788468301296234,-0.22040487825870515,-1.2899646759033204,0.817739725112915,-0.34214645624160769,0.4628579616546631,0.5597331523895264,0.6601405143737793,-0.5009123682975769,-0.13416588306427003,0.6686928868293762,0.73133385181427],"Right Leg":[0.4744398593902588,1.4793015718460084,0.37246179580688479,0.7967256903648377,-0.44335585832595827,-0.4106869399547577,0.39265334606170657,0.8963413238525391,-0.20590178668498994,0.4594034254550934,0.002789631485939026,0.8882233500480652],"Head":[-3.154869077093281e-8,1.0318873933101713e-7,2.2954536404995452e-7,0.9289368987083435,-0.33228203654289248,-0.163293719291687,0.3256583511829376,0.9431401491165161,-0.06658230721950531,0.17613297700881959,0.008672799915075302,0.9843281507492065]},"t":0.23927419999381528},{"p":{"Left Leg":[-0.5472909808158875,0.6008778810501099,0.12100772559642792,0.8832222819328308,-0.4477948546409607,0.1392776072025299,0.2944810390472412,0.7607336640357971,0.578416109085083,-0.36496493220329287,-0.469855397939682,0.8037639856338501],"Right Arm":[0.2555764317512512,0.45598116517066958,0.7859859466552734,0.5922790765762329,-0.5810796022415161,-0.5581685304641724,-0.2729005813598633,-0.7964733839035034,0.539588212966919,-0.7581100463867188,-0.16726230084896089,-0.6303114891052246],"Left Arm":[0.8623441457748413,-0.23283928632736207,-0.14115004241466523,0.6993072032928467,-0.5875476598739624,0.40713268518447878,-0.05763724446296692,0.5213574171066284,0.8513895869255066,-0.7124937176704407,-0.618848979473114,0.33072441816329958],"Torso":[0.3102816939353943,-0.21330758929252625,-1.3096210956573487,0.8158458471298218,-0.36139562726020815,0.45142990350723269,0.5674511194229126,0.6506301164627075,-0.5046581029891968,-0.11133259534835816,0.6678875684738159,0.7358881235122681],"Right Leg":[0.45326095819473269,1.5149471759796143,0.38408002257347109,0.7930846214294434,-0.4322953224182129,-0.4291124641895294,0.3947928547859192,0.9012978076934815,-0.17832787334918977,0.46384844183921816,-0.027981460094451906,0.8854725360870361],"Head":[1.3155222688965296e-8,2.695866214708076e-7,1.600059391648756e-7,0.9337282180786133,-0.32643482089042666,-0.14694195985794068,0.3207923471927643,0.9451661109924316,-0.06126401200890541,0.15888327360153199,0.010066080838441849,0.987246036529541]},"t":0.2550067999982275},{"p":{"Left Leg":[-0.5073477625846863,0.6039149761199951,0.08488341420888901,0.8915038108825684,-0.42452147603034975,0.15812158584594727,0.2700682580471039,0.7782877087593079,0.5668609738349915,-0.3637087345123291,-0.46265512704849245,0.8084962368011475],"Right Arm":[0.31929731369018557,0.42766645550727847,0.7253415584564209,0.4752306342124939,-0.66983962059021,-0.570500373840332,-0.35958823561668398,-0.7396368980407715,0.5688879489898682,-0.8030269145965576,-0.06520777940750122,-0.5923646092414856],"Left Arm":[0.8922570943832398,-0.26989397406578066,-0.1932363063097,0.6819234490394592,-0.6219433546066284,0.3849245607852936,-0.077129065990448,0.4621877074241638,0.8834215402603149,-0.7273455858230591,-0.6321147680282593,0.26720669865608218],"Torso":[0.34171655774116518,-0.20621030032634736,-1.329277515411377,0.8133773803710938,-0.38054659962654116,0.44000154733657839,0.5749692916870117,0.6409165263175964,-0.5085629224777222,-0.088472381234169,0.6666409969329834,0.7401096820831299],"Right Leg":[0.43208205699920657,1.5505928993225098,0.3956982493400574,0.789315402507782,-0.4206973910331726,-0.4472079873085022,0.3971483111381531,0.9053013920783997,-0.15067411959171296,0.4682462215423584,-0.058678481727838519,0.881647527217865],"Head":[5.785912549072236e-8,4.3598450361059806e-7,9.04665284906514e-8,0.9381927847862244,-0.32056599855422976,-0.13050593435764314,0.31583499908447268,0.9471582174301148,-0.05603262782096863,0.14157192409038545,0.011351076886057854,0.9898629188537598]},"t":0.2700874999864027},{"p":{"Left Leg":[-0.47739115357398989,0.6061928272247315,0.05779094249010086,0.8972060680389404,-0.4067171812057495,0.17205330729484559,0.25156205892562868,0.7909152507781982,0.5578257441520691,-0.3629569113254547,-0.45720258355140688,0.8119286298751831],"Right Arm":[0.36708664894104006,0.40643101930618288,0.6798595786094666,0.3800457715988159,-0.7210327982902527,-0.5793763995170593,-0.4216662049293518,-0.692555844783783,0.585289716720581,-0.8232635855674744,0.021866530179977418,-0.5672379732131958],"Left Arm":[0.9146910905838013,-0.2976841926574707,-0.23229989409446717,0.6689433455467224,-0.6466202735900879,0.3666020631790161,-0.09281089901924133,0.4166805148124695,0.9043027758598328,-0.7374964952468872,-0.6389519572257996,0.21872225403785706],"Torso":[0.3652920126914978,-0.20088748633861543,-1.3440195322036744,0.8111509084701538,-0.3948380649089813,0.43143609166145327,0.5804721713066101,0.6335009336471558,-0.5115941762924194,-0.07131829857826233,0.6654167175292969,0.743057370185852],"Right Leg":[0.41619831323623659,1.5773262977600098,0.4044116735458374,0.7864057421684265,-0.41165250539779665,-0.4605521559715271,0.39905720949172976,0.9076776504516602,-0.12990251183509828,0.47150760889053347,-0.08163058012723923,0.8780757784843445],"Head":[9.138611289927212e-8,5.607793696071894e-7,3.831344486115995e-8,0.9413255453109741,-0.3161519765853882,-0.11812763661146164,0.31205856800079348,0.9486295580863953,-0.05216727778315544,0.1285521537065506,0.012243647128343583,0.9916271567344666]},"t":0.28513599999132568},{"p":{"Left Leg":[-0.4399322271347046,0.6067612171173096,0.03002803772687912,0.9018903970718384,-0.3866100013256073,0.19268201291561128,0.23155692219734193,0.8092566728591919,0.5398935079574585,-0.3646574020385742,-0.4423079192638397,0.8193830847740173],"Right Arm":[0.43316125869750979,0.36629271507263186,0.5993211269378662,0.2517426013946533,-0.7813097834587097,-0.5711225867271423,-0.4653615355491638,-0.6151512861251831,0.636417806148529,-0.8485662341117859,0.10556501150131226,-0.5184510946273804],"Left Arm":[0.9433749318122864,-0.3298814296722412,-0.27151942253112795,0.6521619558334351,-0.683417558670044,0.3280627727508545,-0.10479140281677246,0.3473290503025055,0.9318697452545166,-0.7508019208908081,-0.6421082019805908,0.1548985093832016],"Torso":[0.39107275009155276,-0.19029581546783448,-1.353013038635254,0.8113435506820679,-0.4107481837272644,0.4159418046474457,0.5825754404067993,0.626868724822998,-0.5173407196998596,-0.0482441782951355,0.6620585322380066,0.747897744178772],"Right Leg":[0.4013636112213135,1.6096181869506837,0.4126399755477905,0.7845423221588135,-0.40147170424461367,-0.47256097197532656,0.4027586877346039,0.909386932849884,-0.10392716526985169,0.471464604139328,-0.1087927520275116,0.8751487135887146],"Head":[1.4032664807928086e-8,4.105914115370979e-7,1.7801528429117753e-7,0.9463299512863159,-0.30676835775375368,-0.10174892097711563,0.30334484577178957,0.9516735672950745,-0.04795186594128609,0.11154187470674515,0.014513272792100907,0.9936537742614746]},"t":0.30063159999554048},{"p":{"Left Leg":[-0.40281975269317629,0.606985330581665,0.003431234508752823,0.9056646823883057,-0.36647844314575198,0.21322539448738099,0.21211808919906617,0.8270653486251831,0.5205466151237488,-0.3671204745769501,-0.42621171474456789,0.8267805576324463],"Right Arm":[0.4995640814304352,0.32450544834136965,0.5160082578659058,0.11733204126358032,-0.8223172426223755,-0.5568009614944458,-0.49820002913475039,-0.5337569713592529,0.6833009123802185,-0.8590866327285767,0.19722513854503632,-0.47230541706085207],"Left Arm":[0.9718873500823975,-0.3614012598991394,-0.30894458293914797,0.6353272795677185,-0.7176284790039063,0.2852519154548645,-0.11736372113227844,0.2753632664680481,0.9541493058204651,-0.7632725834846497,-0.6396753191947937,0.09072224795818329],"Torso":[0.41606491804122927,-0.17921680212020875,-1.3605194091796876,0.8114947080612183,-0.4261574149131775,0.3998326361179352,0.5838200449943543,0.6206537485122681,-0.5233956575393677,-0.025108695030212404,0.6581631898880005,0.7524564862251282],"Right Leg":[0.3874136507511139,1.6414422988891602,0.42039552330970766,0.7829567193984985,-0.3913310766220093,-0.48356884717941286,0.406650185585022,0.9102314710617065,-0.07819443196058274,0.47075945138931277,-0.13542048633098603,0.8718066811561585],"Head":[-8.034315612803766e-8,2.162517205306358e-7,3.4689833228185309e-7,0.9511078000068665,-0.296841561794281,-0.08531735837459564,0.2940393090248108,0.9547793865203857,-0.044013552367687228,0.0945243090391159,0.016774961724877359,0.995381236076355]},"t":0.3162698000087403},{"p":{"Left Leg":[-0.3749862313270569,0.6071534156799316,-0.01651579886674881,0.90810626745224,-0.3509994149208069,0.22834721207618714,0.19748197495937348,0.8398568034172058,0.505609929561615,-0.36924776434898379,-0.4140530824661255,0.8319952487945557],"Right Arm":[0.5493648052215576,0.293165922164917,0.4535253643989563,0.013988792896270752,-0.838228702545166,-0.5451393127441406,-0.5190466642379761,-0.4720718264579773,0.7125577926635742,-0.8546313047409058,0.27298489212989809,-0.44168370962142947],"Left Arm":[0.9932711124420166,-0.3850404620170593,-0.3370126187801361,0.6226911544799805,-0.7409206628799439,0.251580148935318,-0.12811270356178285,0.22064349055290223,0.9669042229652405,-0.7719087600708008,-0.63431316614151,0.04247141629457474],"Torso":[0.43480852246284487,-0.17090778052806855,-1.3661490678787232,0.8112466931343079,-0.437661349773407,0.38772594928741457,0.584652841091156,0.6159594655036926,-0.527991533279419,-0.007741987705230713,0.6550164222717285,0.7555750012397766],"Right Leg":[0.37695151567459109,1.6653096675872803,0.42621201276779177,0.7817604541778565,-0.3835517466068268,-0.491669237613678,0.4095977246761322,0.9103622436523438,-0.058908991515636447,0.4701917767524719,-0.15533390641212464,0.8687871694564819],"Head":[-1.5112300388864242e-7,7.05011302670755e-8,4.7355698029605266e-7,0.9544370174407959,-0.2893594801425934,-0.07294536381959915,0.2870037257671356,0.9570444822311401,-0.04116666316986084,0.08172392100095749,0.01835538074374199,0.9964859485626221]},"t":0.3313901000074111},{"p":{"Left Leg":[-0.35125282406806948,0.6148518323898315,-0.03720163553953171,0.9107602834701538,-0.33089688420295718,0.24702835083007813,0.18113180994987489,0.8577317595481873,0.48113155364990237,-0.37108898162841799,-0.3934507966041565,0.8411239385604858],"Right Arm":[0.6343953609466553,0.23955081403255464,0.32449254393577578,-0.15467345714569093,-0.8354297280311585,-0.5273836851119995,-0.5103625655174255,-0.38950222730636599,0.7666930556297302,-0.8459352254867554,0.3877440094947815,-0.36612606048583987],"Left Arm":[1.0240213871002198,-0.4086308777332306,-0.36487776041030886,0.5938249826431274,-0.780060887336731,0.19717279076576234,-0.12884372472763062,0.14970360696315766,0.9803000688552856,-0.7942111492156982,-0.607530951499939,-0.011608190834522248],"Torso":[0.4537069797515869,-0.15318216383457185,-1.3726577758789063,0.8084826469421387,-0.45686402916908266,0.3709867000579834,0.5881736874580383,0.6056265830993652,-0.5359740853309631,0.020187869668006898,0.6515303254127502,0.7583540081977844],"Right Leg":[0.35574713349342348,1.702846646308899,0.43649083375930788,0.7761076092720032,-0.3743996322154999,-0.5074267387390137,0.4152884781360626,0.9089964032173157,-0.03551127761602402,0.474544495344162,-0.18316790461540223,0.8609628677368164],"Head":[-1.1485170148262114e-8,5.6299711559404389e-8,5.832055194332497e-7,0.9603863954544067,-0.27238115668296816,-0.05887734517455101,0.2709098160266876,0.9620784521102905,-0.031827520579099658,0.06531383842229843,0.014616269618272782,0.9977577328681946]},"t":0.3475075000023935},{"p":{"Left Leg":[-0.3354566991329193,0.6269844770431519,-0.054380714893341067,0.9129177927970886,-0.3108190894126892,0.26452329754829409,0.1666412502527237,0.875486433506012,0.45360133051872256,-0.3725745379924774,-0.3700202405452728,0.8510423898696899],"Right Arm":[0.7304770946502686,0.17891870439052583,0.16833573579788209,-0.3376374840736389,-0.7955241203308106,-0.503132700920105,-0.4789849817752838,-0.31493186950683596,0.8193848133087158,-0.8102928400039673,0.5176479816436768,-0.27471113204956057],"Left Arm":[1.05609929561615,-0.4275170862674713,-0.38707131147384646,0.5562006831169128,-0.8199042677879334,0.13563746213912965,-0.12454938888549805,0.07912881672382355,0.9890530705451965,-0.8216617107391357,-0.5670056939125061,-0.05810713768005371],"Torso":[0.4689902663230896,-0.13151335716247559,-1.3785746097564698,0.8037135004997253,-0.4782560169696808,0.3539997935295105,0.5928351283073425,0.5927346348762512,-0.5451717376708984,0.050903692841529849,0.648025393486023,0.7599157691001892],"Right Leg":[0.3302389979362488,1.7437727451324463,0.4482665956020355,0.7679046988487244,-0.36562177538871767,-0.5259687900543213,0.4222165644168854,0.9063923954963684,-0.013640977442264557,0.48172152042388918,-0.211597740650177,0.8503944873809815],"Head":[2.6698427291194096e-7,1.48967629343133e-7,6.577123485840275e-7,0.9668273329734802,-0.251248836517334,-0.04603221267461777,0.25060510635375979,0.9678959250450134,-0.019352728500962259,0.04941674321889877,0.007174837868660688,0.9987524747848511]},"t":0.36180049998802135},{"p":{"Left Leg":[-0.3393402397632599,0.6404471397399902,-0.05995839461684227,0.9151521325111389,-0.2988986372947693,0.2704738974571228,0.15913209319114686,0.8843505382537842,0.4388633370399475,-0.37036943435668948,-0.3585856556892395,0.8568796515464783],"Right Arm":[0.7836769223213196,0.14367832243442536,0.06516601890325546,-0.4494667053222656,-0.7485219240188599,-0.4875393509864807,-0.44953203201293948,-0.28210681676864626,0.8475474119186401,-0.7719460129737854,0.6001087427139282,-0.20968705415725709],"Left Arm":[1.0717220306396485,-0.43391960859298708,-0.39820945262908938,0.5262106657028198,-0.8439136743545532,0.10445961356163025,-0.11519458889961243,0.050965890288352969,0.9920345544815064,-0.8425154685974121,-0.5340524911880493,-0.07039552927017212],"Torso":[0.4731767475605011,-0.11712352186441422,-1.3834267854690552,0.7981683015823364,-0.4918510317802429,0.34786492586135867,0.5985445380210877,0.5819331407546997,-0.5505436658859253,0.06835134327411652,0.6476391553878784,0.7588752508163452],"Right Leg":[0.30803677439689639,1.766351342201233,0.4587762951850891,0.7587792277336121,-0.3626263737678528,-0.5410695672035217,0.4267379641532898,0.9043430089950562,-0.0076491087675094608,0.4920862317085266,-0.22509095072746278,0.8409430980682373],"Head":[2.789853965623479e-7,1.4419543958865689e-7,5.954137805019855e-7,0.9704582691192627,-0.23705853521823884,-0.04487641900777817,0.23697064816951753,0.9714890122413635,-0.0073454733937978748,0.045338258147239688,-0.0035059291403740646,0.9989655613899231]},"t":0.37479470000835138},{"p":{"Left Leg":[-0.36519721150398257,0.6641339063644409,-0.05779081955552101,0.9191505908966065,-0.28750163316726687,0.26926755905151369,0.153472900390625,0.8909438848495483,0.42739325761795046,-0.36277854442596438,-0.35151350498199465,0.8630353212356567],"Right Arm":[0.8298197388648987,0.11014115810394287,-0.05406634509563446,-0.566439151763916,-0.6769304275512695,-0.4700126349925995,-0.40645310282707217,-0.26665931940078738,0.8738927841186523,-0.7168979048728943,0.6860450506210327,-0.12409442663192749],"Left Arm":[1.0814642906188965,-0.4322531223297119,-0.40582194924354555,0.4836185574531555,-0.8712031245231628,0.08437052369117737,-0.0921