[{"p":{"Left Leg":[-0.013371414504945279,0.09042615443468094,0.07950983941555023,0.9962493181228638,-0.07428494095802307,0.04437432438135147,0.06743809580802918,0.9878909587860107,0.13972648978233338,-0.054216571152210239,-0.1362099051475525,0.9891953468322754],"Right Arm":[-0.07427450269460678,-0.1258838176727295,0.01185867190361023,0.9679967761039734,-0.22878140211105348,0.10315671563148499,0.21741411089897157,0.9697884321212769,0.11064133048057556,-0.1253528594970703,-0.08467274904251099,0.9884923696517944],"Left Arm":[-0.05660010501742363,-0.052929557859897616,0.06539672613143921,0.9901271462440491,0.04104899242520332,0.13402675092220307,-0.05664248391985893,0.9917852282524109,0.11468946933746338,-0.12821786105632783,-0.12114877998828888,0.9843186140060425],"Torso":[0.024753889068961145,0.00022813052055425942,-0.13669927418231965,0.9916288256645203,-0.0736948624253273,0.10602549463510513,0.08064527064561844,0.9947607517242432,-0.06282851099967957,-0.10083986073732376,0.07085300981998444,0.9923765659332275],"Right Leg":[0.06808216869831085,0.03194383159279823,-0.03401706740260124,0.9990270137786865,-0.0434047169983387,-0.007813810370862484,0.04243464395403862,0.9943025708198547,-0.09778415411710739,0.012013577856123448,0.09735742956399918,0.9951769709587097],"Head":[9.508249121381596e-8,-8.915103322237883e-9,-3.512212742862175e-8,0.995241641998291,0.07188340276479721,-0.06577826291322708,-0.07147572189569473,0.9974058270454407,0.00853326078504324,0.06622102111577988,-0.0037910903338342907,0.9977977871894836]},"t":0.0008331999997608364},{"p":{"Left Leg":[0.01825784146785736,0.23252244293689729,0.05941104516386986,0.9874030351638794,0.018222801387310029,0.15717267990112306,-0.05924936383962631,0.9636558294296265,0.26049375534057619,-0.14671343564987184,-0.26652467250823977,0.9525963664054871],"Right Arm":[-0.02969706803560257,-0.23429851233959199,0.026950646191835405,0.8916746377944946,-0.4458121061325073,0.0785365179181099,0.42915940284729006,0.8877235651016235,0.16664057970046998,-0.14400911331176759,-0.11488449573516846,0.9828850030899048],"Left Arm":[-0.05748998373746872,-0.09778835624456406,0.062392767518758777,0.9590179920196533,0.17531424760818482,0.2225969284772873,-0.2382868528366089,0.9240804314613342,0.29882216453552248,-0.1533096879720688,-0.3396177291870117,0.927984893321991],"Torso":[0.003016136586666107,-0.0639299750328064,-0.17303846776485444,0.9811848998069763,0.03959333151578903,0.18896694481372834,-0.000505201518535614,0.9792700409889221,-0.20255841314792634,-0.19306962192058564,0.19865180552005769,0.9608650207519531],"Right Leg":[0.203921839594841,-0.0393979512155056,-0.11198081076145172,0.9938061237335205,0.10766391456127167,0.027530351653695108,-0.104581817984581,0.9898809194564819,-0.09590863436460495,-0.03757766634225845,0.09243541210889816,0.9950093626976013],"Head":[0.003051903797313571,-0.00769929401576519,-0.0032688674982637169,0.9955857396125794,-0.042513638734817508,-0.0836760625243187,0.05179951339960098,0.9923422932624817,0.11213229596614838,0.0782681480050087,-0.11597168445587158,0.9901639819145203]},"t":0.010633299998517032},{"p":{"Left Leg":[0.036453112959861758,0.33405256271362307,0.04000908136367798,0.9662709832191467,0.08621756732463837,0.24266625940799714,-0.16877202689647675,0.9237391352653503,0.3438342213630676,-0.19451577961444856,-0.37319231033325198,0.9071334600448608],"Right Arm":[-0.006366455461829901,-0.3129350543022156,0.03341149911284447,0.8060885667800903,-0.5906266570091248,0.03716617822647095,0.5751482844352722,0.796658456325531,0.18584877252578736,-0.13937599956989289,-0.12843450903892518,0.9818751811981201],"Left Arm":[-0.052088163793087009,-0.13625743985176087,0.06069343909621239,0.9102871417999268,0.2689243257045746,0.3147333860397339,-0.3863610327243805,0.8249145746231079,0.41260290145874026,-0.14866922795772553,-0.4971877932548523,0.8548109531402588],"Torso":[-0.010628176853060723,-0.10217797756195069,-0.19861064851284028,0.9611272215843201,0.11315379291772843,0.2518543303012848,-0.03310791403055191,0.9528160691261292,-0.3017372786998749,-0.27411356568336489,0.2816695272922516,0.9195237755775452],"Right Leg":[0.30936604738235476,-0.04600035399198532,-0.18660946190357209,0.9773604869842529,0.20335082709789277,0.058437854051589969,-0.19674940407276154,0.97508305311203,-0.10248257219791413,-0.07782167196273804,0.08866479992866516,0.99301677942276],"Head":[0.006154577247798443,-0.015526838600635529,-0.006592158228158951,0.9877757430076599,-0.11542864143848419,-0.10476332902908325,0.13308009505271913,0.9744083881378174,0.18115752935409547,0.08117149770259857,-0.1928849220275879,0.9778581857681274]},"t":0.01991459999953804},{"p":{"Left Leg":[0.053931865841150287,0.4940582811832428,0.00358522473834455,0.9022573232650757,0.19390887022018434,0.38513773679733279,-0.36865442991256716,0.8101881742477417,0.45572906732559206,-0.22366414964199067,-0.5531676411628723,0.8024835586547852],"Right Arm":[0.018410805612802507,-0.4390953779220581,0.03639013692736626,0.6169663071632385,-0.784774661064148,-0.059003278613090518,0.7806931734085083,0.6008427739143372,0.17177370190620423,-0.09935194253921509,-0.15204203128814698,0.983367919921875],"Left Arm":[-0.034148283302783969,-0.20683477818965913,0.0581568144261837,0.7756543159484863,0.3789651691913605,0.5047235488891602,-0.6252250671386719,0.5707361102104187,0.5323100090026856,-0.08633700013160706,-0.7284543514251709,0.6796324253082275],"Torso":[-0.029382865875959398,-0.15115323662757874,-0.23907260596752168,0.9098420739173889,0.21776613593101502,0.35322123765945437,-0.03812292963266373,0.891495943069458,-0.45142173767089846,-0.41319966316223147,0.39725667238235476,0.8194224238395691],"Right Leg":[0.492933452129364,0.016108211129903795,-0.3109884560108185,0.9365261197090149,0.3326917886734009,0.11061224341392517,-0.31870949268341067,0.9393302202224731,-0.12681876122951508,-0.1460929811000824,0.08351591974496842,0.9857392907142639],"Head":[0.012654086574912072,-0.03192419558763504,-0.013553932309150696,0.9650364518165588,-0.21626420319080354,-0.14810289442539216,0.25044286251068118,0.9275047779083252,0.2775125205516815,0.07735010981559754,-0.30490103363990786,0.9492377638816834]},"t":0.029479699998773868},{"p":{"Left Leg":[0.06328928470611572,0.5981075763702393,-0.019043006002902986,0.8318871259689331,0.26672548055648806,0.4866429269313812,-0.5165600776672363,0.6926475763320923,0.5033934712409973,-0.20280417799949647,-0.6701468825340271,0.7139843702316284],"Right Arm":[0.025049708783626558,-0.5255930423736572,0.03395766019821167,0.45369046926498415,-0.879335343837738,-0.1446867436170578,0.8899218440055847,0.43849611282348635,0.125539630651474,-0.04694685339927673,-0.18571603298187257,0.9814813137054443],"Left Arm":[-0.01501286681741476,-0.26145628094673159,0.05715644732117653,0.6432164311408997,0.3991200923919678,0.6534337997436523,-0.7656841278076172,0.33592867851257326,0.5485249757766724,-0.000579833984375,-0.8531441688537598,0.5216748118400574],"Torso":[-0.041096169501543048,-0.17930643260478974,-0.2665789723396301,0.8632212281227112,0.282831072807312,0.4181576073169708,-0.011280924081802369,0.8389207124710083,-0.5441367626190186,-0.5046998262405396,0.4649931490421295,0.727364718914032],"Right Leg":[0.6405354738235474,0.11308249086141586,-0.3699381947517395,0.9019376635551453,0.4042060375213623,0.15207228064537049,-0.3820408582687378,0.9109729528427124,-0.15547692775726319,-0.20137843489646913,0.08213268220424652,0.9760640263557434],"Head":[0.018581407144665719,-0.04687810316681862,-0.019902868196368219,0.9445094466209412,-0.2744600176811218,-0.18048140406608582,0.3210393786430359,0.8875976800918579,0.330309122800827,0.06953821331262589,-0.3699217140674591,0.926456868648529]},"t":0.03844299999946088},{"p":{"Left Leg":[0.08314932882785797,0.7917435765266419,-0.0504654161632061,0.6134241819381714,0.3926261067390442,0.6852412223815918,-0.7877160906791687,0.36646419763565066,0.4951842129230499,-0.05669412016868591,-0.8435335159301758,0.5340758562088013],"Right Arm":[0.011325011029839516,-0.6991556286811829,0.01674145832657814,0.06433019787073136,-0.9405167698860169,-0.333601176738739,0.9935093522071838,0.0917867124080658,-0.06718885898590088,0.09381242096424103,-0.32711362838745119,0.9403167963027954],"Left Arm":[0.04193120077252388,-0.38725435733795168,0.05679776892066002,0.33495378494262698,0.2494450807571411,0.9086160659790039,-0.9069889783859253,-0.17592404782772065,0.3826509118080139,0.25529778003692629,-0.9522750973701477,0.16731750965118409],"Torso":[-0.06245296820998192,-0.22566723823547364,-0.32127684354782107,0.7500993013381958,0.3984418213367462,0.5278211832046509,0.10452744364738465,0.7166634202003479,-0.6895416378974915,-0.6530123949050903,0.572396457195282,0.4959206283092499],"Right Leg":[0.9870023727416992,0.4010816514492035,-0.37490999698638918,0.826783299446106,0.5014122724533081,0.2549806237220764,-0.4470767080783844,0.8608220219612122,-0.24312114715576173,-0.34139686822891238,0.08701259642839432,0.9358829855918884],"Head":[0.034903474152088168,-0.08805583417415619,-0.03738554194569588,0.8967505097389221,-0.3686169981956482,-0.24486714601516725,0.4395795464515686,0.8058273196220398,0.39675194025039675,0.05107107758522034,-0.4634261131286621,0.8846626281738281]},"t":0.05515740000009828},{"p":{"Left Leg":[0.015904594212770463,0.8803850412368774,-0.001795784686692059,0.36503076553344729,0.5667343139648438,0.7386235594749451,-0.9208483695983887,0.10297127068042755,0.376078724861145,0.13707971572875977,-0.8174406290054321,0.5594640970230103],"Right Arm":[-0.09678781032562256,-0.848799467086792,-0.016574906185269357,-0.06659385561943054,-0.7927171587944031,-0.6059410572052002,0.9620973467826843,0.10993937402963638,-0.24956318736076356,0.2644498944282532,-0.5995936393737793,0.7553497552871704],"Left Arm":[0.12574267387390138,-0.5301440954208374,0.1050075888633728,0.21803295612335206,-0.01583346724510193,0.9758129119873047,-0.9215601682662964,-0.33244526386260989,0.20051676034927369,0.3212294578552246,-0.9429896473884583,-0.08707559108734131],"Torso":[-0.06834243983030319,-0.21274305880069734,-0.3608959913253784,0.7146749496459961,0.39852195978164675,0.5748217105865479,0.25471264123916628,0.6171014904975891,-0.7445181608200073,-0.6514301300048828,0.6785027980804443,0.33951836824417117],"Right Leg":[1.2907484769821168,0.7746248245239258,-0.06883587688207627,0.7901811599731445,0.535873293876648,0.29741156101226809,-0.4428003430366516,0.8346826434135437,-0.3274642527103424,-0.42372357845306399,0.12706217169761659,0.8968353271484375],"Head":[0.06135307624936104,-0.15478400886058808,-0.06571617722511292,0.8647109866142273,-0.4494680166244507,-0.22417253255844117,0.5016600489616394,0.7948508858680725,0.34139302372932436,0.024738475680351259,-0.4076647460460663,0.9127964973449707]},"t":0.0713938999997481},{"p":{"Left Leg":[-0.1123616024851799,0.7194420695304871,0.10546615719795227,0.22105884552001954,0.8150830864906311,0.5355114340782166,-0.9683781266212463,0.11832986772060394,0.21964024007320405,0.11565802991390228,-0.567130982875824,0.8154665231704712],"Right Arm":[-0.34639349579811098,-0.9561440348625183,-0.0676354318857193,0.2674732208251953,-0.2725685238838196,-0.9242101311683655,0.7432669997215271,0.6687560081481934,0.01787707209587097,0.6131983399391174,-0.6917165517807007,0.38146552443504336],"Left Arm":[0.22777900099754334,-0.6824435591697693,0.2501269578933716,0.3690773546695709,-0.17501682043075562,0.9127710461616516,-0.9241731762886047,0.03488779067993164,0.38037729263305666,-0.09841698408126831,-0.9839471578598023,-0.14886952936649323],"Torso":[-0.04446852207183838,-0.11386296898126602,-0.3587724566459656,0.8147255778312683,0.19570261240005494,0.5458229184150696,0.34277307987213137,0.5966882109642029,-0.7255823612213135,-0.46768447756767275,0.778243899345398,0.4190555810928345],"Right Leg":[1.4539246559143067,1.2866840362548829,0.42148804664611819,0.8166748881340027,0.5349604487419128,0.21647047996520997,-0.45171838998794558,0.8260132670402527,-0.33712396025657656,-0.35915547609329226,0.1775369942188263,0.9162357449531555],"Head":[0.09933233261108399,-0.2506001591682434,-0.10639654844999314,0.8762339949607849,-0.47750216722488406,-0.06485147029161453,0.48143237829208376,0.8732831478118897,0.07482977211475373,0.020902326330542566,-0.09678998589515686,0.9950852990150452]},"t":0.08864959999846178},{"p":{"Left Leg":[-0.17948800325393678,0.4611198306083679,0.16088324785232545,0.30073705315589907,0.9177535772323608,0.2593947947025299,-0.9531277418136597,0.29870280623435976,0.04820942133665085,-0.033237576484680179,-0.2617347240447998,0.9645674228668213],"Right Arm":[-0.5774575471878052,-0.9762791991233826,-0.1335134655237198,0.3359830975532532,0.36432719230651858,-0.8685512542724609,0.2997587323188782,0.8328472971916199,0.46530672907829287,0.8928942680358887,-0.41669097542762759,0.17061233520507813],"Left Arm":[0.3042460083961487,-0.7754424214363098,0.3846602439880371,0.4909553527832031,-0.33938419818878176,0.8023598194122315,-0.675424337387085,0.43342071771621706,0.5966142416000366,-0.5502407550811768,-0.8348442316055298,-0.016438161954283716],"Torso":[-0.012792741879820824,-0.009707368910312653,-0.28375285863876345,0.882547914981842,-0.09005634486675263,0.46151822805404665,0.3995820879936218,0.6610238552093506,-0.6351233124732971,-0.24787767231464387,0.7449411749839783,0.61937016248703],"Right Leg":[1.4562451839447022,1.6299827098846436,0.7230011820793152,0.8756971955299377,0.47875329852104189,0.0628461092710495,-0.4422641694545746,0.8474876284599304,-0.2935423254966736,-0.19379566609859467,0.22925961017608643,0.9538780450820923],"Head":[0.1260642260313034,-0.31804031133651736,-0.13502934575080872,0.9215874075889587,-0.385947585105896,0.04148643836379051,0.3820454478263855,0.8829370737075806,-0.2728798985481262,0.06868739426136017,0.26733237504959109,0.9611532092094421]},"t":0.10640239999884216},{"p":{"Left Leg":[-0.2190142422914505,0.3666903078556061,0.17575569450855256,0.46625199913978579,0.8666175603866577,0.1777159571647644,-0.8808698654174805,0.4733502268791199,0.002778157591819763,-0.08171430230140686,-0.15783995389938355,0.9840778112411499],"Right Arm":[-0.6485897898674011,-0.9490612745285034,-0.19937793910503388,0.225398987531662,0.5421125888824463,-0.8095117211341858,0.14243058860301972,0.8036311864852905,0.5778325796127319,0.9637991786003113,-0.24554209411144257,0.10392424464225769],"Left Arm":[0.3395653963088989,-0.7967354655265808,0.4105353355407715,0.48516353964805605,-0.4248143434524536,0.7642964124679565,-0.5468326210975647,0.5346561074256897,0.6442956328392029,-0.6823418140411377,-0.7305310368537903,0.02709333226084709],"Torso":[-0.003490731120109558,0.01457587443292141,-0.1727517545223236,0.8678314685821533,-0.25750333070755007,0.42492425441741946,0.4642459750175476,0.7249796390533447,-0.5088026523590088,-0.17704308032989503,0.6388243436813355,0.7487050294876099],"Right Leg":[1.3425369262695313,1.6041922569274903,0.8064664006233215,0.9138344526290894,0.39695245027542117,-0.08564666658639908,-0.4044238328933716,0.870552122592926,-0.28032195568084719,-0.03671460598707199,0.2908053994178772,0.9560775756835938],"Head":[0.12121739983558655,-0.30581286549568179,-0.12983793020248414,0.9552340507507324,-0.2958422005176544,0.0022939741611480715,0.26420852541923525,0.8495529890060425,-0.4565672278404236,0.133122980594635,0.436734676361084,0.8896859884262085]},"t":0.1235724999987724},{"p":{"Left Leg":[-0.27333495020866396,0.3517087697982788,0.1666099578142166,0.6292247772216797,0.7489506006240845,0.20772379636764527,-0.7709903717041016,0.6352531909942627,0.045025937259197238,-0.09823500365018845,-0.18848448991775514,0.9771507382392883],"Right Arm":[-0.6710621118545532,-0.9367984533309937,-0.278511106967926,0.08172714710235596,0.5866749286651611,-0.8056879639625549,0.1075611412525177,0.7984786629676819,0.5923362374305725,0.990833580493927,-0.13507072627544404,0.002153947949409485],"Left Arm":[0.36488357186317446,-0.8110889792442322,0.3957609236240387,0.44119271636009219,-0.48262035846710207,0.7565887570381165,-0.5490795373916626,0.5216816067695618,0.6529625058174133,-0.7098314166069031,-0.7035097479820252,-0.034834831953048709],"Torso":[-0.004335260950028896,0.0025185830891132356,-0.04903610795736313,0.8312643766403198,-0.3659961223602295,0.41838550567626955,0.5266312956809998,0.7594358325004578,-0.3819904923439026,-0.17792989313602448,0.5378699898719788,0.8240369558334351],"Right Leg":[1.2283258438110352,1.5193740129470826,0.8460313677787781,0.9154072403907776,0.32680046558380129,-0.23501275479793549,-0.38348764181137087,0.885478138923645,-0.26242274045944216,0.12233875691890717,0.3303481936454773,0.9358970522880554],"Head":[0.0869850292801857,-0.2194497287273407,-0.09317124634981156,0.9791205525398254,-0.19059699773788453,-0.07068030536174774,0.12048688530921936,0.8241691589355469,-0.5533788204193115,0.1637248694896698,0.5333085060119629,0.8299254179000855]},"t":0.14141669999844454},{"p":{"Left Leg":[-0.31564411520957949,0.3460739552974701,0.13612540066242219,0.7371025681495667,0.6240460872650147,0.25931891798973086,-0.6640266180038452,0.7400932312011719,0.10644573718309403,-0.1254931390285492,-0.2506560981273651,0.9599078297615051],"Right Arm":[-0.6795361638069153,-0.9331837892532349,-0.3313731551170349,-0.008091822266578675,0.5990886688232422,-0.8006417155265808,0.09548592567443848,0.7974722385406494,0.5957520008087158,0.9953978657722473,-0.07162931561470032,-0.06365755200386048],"Left Arm":[0.37443122267723086,-0.8165015578269959,0.3738504946231842,0.41730570793151858,-0.5162776708602905,0.7478725910186768,-0.5678071975708008,0.49441564083099368,0.6581400632858276,-0.7095428705215454,-0.6992930173873901,-0.08682370185852051],"Torso":[-0.006584944203495979,-0.01417520921677351,0.03709595650434494,0.8148193359375,-0.41200560331344607,0.40782445669174197,0.5477200150489807,0.7776130437850952,-0.3087404668331146,-0.18992680311203004,0.47494134306907656,0.8592778444290161],"Right Leg":[1.179460883140564,1.4781467914581299,0.8524512648582459,0.8990048766136169,0.2990899384021759,-0.3198990523815155,-0.3787771165370941,0.8976739645004273,-0.225187286734581,0.21981379389762879,0.3236149251461029,0.9203017354011536],"Head":[0.04890262708067894,-0.12337370961904526,-0.052380356937646869,0.9905328154563904,-0.0864628255367279,-0.10662513971328736,0.008010972291231156,0.8118041157722473,-0.5838750004768372,0.13704220950603486,0.5774931311607361,0.8048112392425537]},"t":0.15943129999868689},{"p":{"Left Leg":[-0.34609800577163699,0.34721672534942629,0.10575953125953675,0.8035576343536377,0.5167258977890015,0.2954478859901428,-0.5756188631057739,0.8009533882141113,0.16473154723644257,-0.15151895582675935,-0.3024367094039917,0.9410493969917297],"Right Arm":[-0.6821069121360779,-0.9311273097991943,-0.35946065187454226,-0.05568171292543411,0.6012544631958008,-0.7971150279045105,0.0918225347995758,0.7980539798736572,0.5955486297607422,0.9942172169685364,-0.040031999349594119,-0.09964574128389359],"Left Arm":[0.3773278295993805,-0.8181435465812683,0.3520168662071228,0.40096360445022585,-0.5406720042228699,0.7395282983779907,-0.58223956823349,0.4728388786315918,0.6613778471946716,-0.707266092300415,-0.6957710385322571,-0.12520942091941834],"Torso":[-0.009866027161478997,-0.02957339584827423,0.09665489196777344,0.8091646432876587,-0.4322932958602905,0.3979635536670685,0.5521135330200195,0.7911310195922852,-0.2632153630256653,-0.20105507969856263,0.4327056407928467,0.8788302540779114],"Right Leg":[1.1629432439804078,1.43960440158844,0.843422532081604,0.8868206739425659,0.286527544260025,-0.36256182193756106,-0.3726784884929657,0.9073476791381836,-0.19450168311595918,0.27323955297470095,0.30760708451271059,0.9114373326301575],"Head":[0.02417207509279251,-0.060982413589954379,-0.025891026481986047,0.9924158453941345,-0.0061658695340156559,-0.12277118861675263,-0.06825566291809082,0.8029908537864685,-0.5920700430870056,0.10223476588726044,0.595959484577179,0.7964799404144287]},"t":0.17165449999993144},{"p":{"Left Leg":[-0.35395437479019167,0.42893147468566897,0.06621645390987396,0.8747827410697937,0.37228673696517947,0.3100929856300354,-0.4696359634399414,0.8089045286178589,0.353716641664505,-0.11915159970521927,-0.4550560414791107,0.8824549913406372],"Right Arm":[-0.6332380771636963,-0.816818118095398,-0.41077977418899538,-0.05949128419160843,0.5828660726547241,-0.8103874921798706,0.021438568830490114,0.8123842477798462,0.5827283263206482,0.9979985952377319,0.017293691635131837,-0.060825593769550326],"Left Arm":[0.2774203419685364,-0.7287753224372864,0.2381189912557602,0.5510274171829224,-0.3436720669269562,0.7604329586029053,-0.5928583741188049,0.4800751507282257,0.6465653777122498,-0.5872714519500732,-0.8071042895317078,0.06078565865755081],"Torso":[-0.029426101595163347,0.041023388504981998,0.12531131505966187,0.6984232068061829,-0.5852777361869812,0.41189202666282656,0.6578965783119202,0.7516045570373535,-0.04756782948970795,-0.28173956274986269,0.3042048215866089,0.9099902510643005],"Right Leg":[0.9889862537384033,1.273693323135376,0.7637223601341248,0.8804136514663696,0.30337944626808169,-0.36446231603622439,-0.34476426243782046,0.9372090697288513,-0.05269463732838631,0.32559090852737429,0.17204664647579194,0.9297260642051697],"Head":[0.006861146539449692,-0.017309878021478654,-0.007349162362515926,0.9728198051452637,0.12073491513729096,-0.19759738445281983,-0.21902482211589814,0.75673907995224,-0.6159335374832153,0.07516497373580933,0.6424710750579834,0.7626146674156189]},"t":0.1833515999987867},{"p":{"Left Leg":[-0.3544783592224121,0.48443886637687685,0.043801650404930118,0.9092190861701965,0.2884346544742584,0.3002101480960846,-0.40393123030662539,0.7857785820960999,0.4683925211429596,-0.10079807788133621,-0.5471356511116028,0.8309526443481445],"Right Arm":[-0.6000699996948242,-0.7405225038528442,-0.43868911266326907,-0.050404615700244907,0.5704087018966675,-0.8198130130767822,-0.02496984601020813,0.8198800086975098,0.5719906091690064,0.9984166622161865,0.04930153489112854,-0.02708272635936737],"Left Arm":[0.21015185117721559,-0.6688205599784851,0.16457238793373109,0.002530515193939209,-0.8631976842880249,0.5048596262931824,-0.6105393171310425,0.3985084295272827,0.6844212412834168,-0.7919817566871643,-0.3099687099456787,-0.5260077714920044],"Torso":[-0.04232947155833244,-0.04658939689397812,0.13545410335063935,0.6113121509552002,-0.6832103133201599,0.39940083026885989,0.7114840149879456,0.6954553723335266,0.10065937042236328,-0.3465369939804077,0.2226330041885376,0.9112335443496704],"Right Leg":[0.8770762085914612,1.1651091575622559,0.7096510529518127,0.879969596862793,0.3152371942996979,-0.35535770654678347,-0.32283249497413638,0.9456338882446289,0.0394425205886364,0.34847205877304079,0.08001278340816498,0.933897852897644],"Head":[0.0008429221925325692,-0.0021270078141242267,-0.0009030810906551778,0.950344443321228,0.1901826560497284,-0.24632501602172852,-0.30568793416023257,0.71881103515625,-0.6243922710418701,0.0583125576376915,0.6686862707138062,0.7412545680999756]},"t":0.1919207999999344},{"p":{"Left Leg":[-0.3466525971889496,0.5642565488815308,0.017403308302164079,0.9456753730773926,0.19306045770645142,0.26158300042152407,-0.3168097734451294,0.7278978228569031,0.6081088185310364,-0.07300394028425217,-0.6579455733299255,0.7495185136795044],"Right Arm":[-0.5467004776000977,-0.624173641204834,-0.4696056842803955,-0.0031439848244190218,0.5525065660476685,-0.8335025906562805,-0.09599220752716065,0.8294907808303833,0.5502094030380249,0.9953771233558655,0.08173960447311402,0.050428420305252078],"Left Arm":[0.1089068353176117,-0.5759753584861755,0.05800841748714447,-0.3122246265411377,-0.9291563034057617,0.1979503333568573,-0.631267786026001,0.3586278557777405,0.687667727470398,-0.7099412679672241,0.08974704146385193,-0.6985189914703369],"Torso":[-0.06328558921813965,-0.3795657157897949,0.13583040237426759,0.47172805666923525,-0.8143396377563477,0.3381177484989166,0.759373664855957,0.5700948238372803,0.3135976195335388,-0.4481341540813446,0.10882492363452912,0.8873177766799927],"Right Leg":[0.6943115592002869,1.0079638957977296,0.6184154748916626,0.8863637447357178,0.32729142904281618,-0.3274746239185333,-0.2846909761428833,0.9430668950080872,0.1719765067100525,0.3651169240474701,-0.05920467898249626,0.9290772080421448],"Head":[-1.5192145497167076e-7,-1.1354620355064072e-8,-5.3076384176620198e-8,0.9123582243919373,0.2697308659553528,-0.30797356367111208,-0.40818846225738528,0.6570037603378296,-0.6338202953338623,0.03137889504432678,0.7039824724197388,0.7095238566398621]},"t":0.2071699999996781},{"p":{"Left Leg":[-0.32720357179641726,0.6615908145904541,-0.001992804929614067,0.9724723100662231,0.12203040719032288,0.19851022958755494,-0.23077303171157838,0.6223576664924622,0.7479404211044312,-0.032272882759571078,-0.7731621265411377,0.6333868503570557],"Right Arm":[-0.4732432961463928,-0.46985310316085818,-0.5071707963943481,0.07551752030849457,0.5310098528862,-0.8439939022064209,-0.186550572514534,0.8389901518821716,0.5111697912216187,0.9795386791229248,0.11884529888629914,0.16241863369941712],"Left Arm":[-0.02636614441871643,-0.4497778117656708,-0.07188859581947327,-0.6428369283676148,-0.7001743912696838,-0.3106706440448761,-0.6720128655433655,0.32084041833877566,0.6674275398254395,-0.36764004826545718,0.6378217935562134,-0.6767747402191162],"Torso":[-0.08998028934001923,-0.4902057945728302,0.11422103643417359,0.27517834305763247,-0.939990758895874,0.20172792673110963,0.7612762451171875,0.34119483828544619,0.5514023303985596,-0.5871416330337524,0.0018367171287536622,0.8094820380210877],"Right Leg":[0.4356151819229126,0.8329235315322876,0.5054636001586914,0.8984346389770508,0.33769020438194277,-0.2806786596775055,-0.2369259148836136,0.9109743237495422,0.3376268744468689,0.36970433592796328,-0.23683561384677888,0.8984584212303162],"Head":[-9.813682311232697e-8,3.682705340679604e-8,-2.7676669844822756e-9,0.8594645857810974,0.34114810824394228,-0.38070809841156008,-0.5111940503120422,0.5752485990524292,-0.6385685801506043,0.001155361533164978,0.743442714214325,0.6687986254692078]},"t":0.2235276999999769},{"p":{"Left Leg":[-0.2996293604373932,0.7543439865112305,-0.0037792986258864404,0.9827678203582764,0.11349621415138245,0.1458975374698639,-0.18324372172355653,0.49455153942108157,0.8496120572090149,0.024273913353681566,-0.8617061972618103,0.5068268179893494],"Right Arm":[-0.4022592306137085,-0.3189602792263031,-0.5461105704307556,0.1408635824918747,0.5130867958068848,-0.8466991186141968,-0.2680714726448059,0.843045711517334,0.46627435088157656,0.9530452489852905,0.1612948477268219,0.25629836320877077],"Left Arm":[-0.16186150908470155,-0.32489699125289919,-0.18636935949325562,-0.6957395672798157,-0.22015850245952607,-0.6837226748466492,-0.7136805057525635,0.3195875883102417,0.623316764831543,0.08128088712692261,0.9216257333755493,-0.37947264313697817],"Torso":[-0.11206425726413727,-0.43539077043533327,0.07041966915130615,0.07712045311927796,-0.9963556528091431,0.03644222021102905,0.6929411888122559,0.07984395325183869,0.7165595293045044,-0.7168577313423157,-0.030009031295776368,0.6965734362602234],"Right Leg":[0.18681353330612184,0.6957982778549194,0.41895806789398196,0.9106353521347046,0.34488940238952639,-0.22758427262306214,-0.2018452137708664,0.8518663048744202,0.4833035469055176,0.3605576455593109,-0.3941764831542969,0.8453538417816162],"Head":[-5.6643166601588749e-8,5.393310242851612e-9,-6.755129788871273e-8,0.8067182302474976,0.3767244815826416,-0.4552849531173706,-0.5908696055412293,0.5026518106460571,-0.6310423016548157,-0.008879303932189942,0.778087317943573,0.628093421459198]},"t":0.24060060000010709},{"p":{"Left Leg":[-0.26219695806503298,0.8509783744812012,0.005900599993765354,0.9806923270225525,0.15413378179073335,0.12035496532917023,-0.1676374226808548,0.34569141268730166,0.923252522945404,0.10069872438907623,-0.9256026148796082,0.36485549807548525],"Right Arm":[-0.3385389745235443,-0.17474301159381867,-0.5919089913368225,0.16901379823684693,0.497561514377594,-0.8508036732673645,-0.3454449772834778,0.8383703231811523,0.4216669499874115,0.9230937361717224,0.222638338804245,0.31357625126838686],"Left Arm":[-0.29704347252845766,-0.20644262433052064,-0.2878149151802063,-0.5282659530639648,0.22722172737121583,-0.8181108236312866,-0.7397763729095459,0.34973394870758059,0.5748192071914673,0.416732519865036,0.9088765382766724,-0.016659200191497804],"Torso":[-0.1267165243625641,-0.2763943374156952,0.008485827594995499,-0.11034666001796723,-0.9853568077087402,-0.12998303771018983,0.5616114139556885,-0.1697184294462204,0.809807538986206,-0.8200098276138306,0.016359567642211915,0.572115421295166],"Right Leg":[-0.021949157118797303,0.5825234055519104,0.3662317991256714,0.9176151752471924,0.3589251637458801,-0.1707485020160675,-0.18896669149398805,0.7718835473060608,0.6070315837860107,0.34967687726020815,-0.524755597114563,0.7761169672012329],"Head":[-1.8697269865697309e-7,-4.896043037661002e-8,-3.7963346244396237e-8,0.7486850023269653,0.3815051317214966,-0.5421481132507324,-0.6628999710083008,0.4380704462528229,-0.6071720719337463,0.005859792232513428,0.8139706254005432,0.5808765292167664]},"t":0.25634139999965557},{"p":{"Left Leg":[-0.20974856615066529,0.9561026096343994,0.01691586710512638,0.9672993421554565,0.2199006825685501,0.12639398872852326,-0.16812632977962495,0.1827837973833084,0.9686710238456726,0.18990863859653474,-0.9582450985908508,0.21377776563167573],"Right Arm":[-0.2832481861114502,-0.04019336402416229,-0.6486423015594482,0.1597130298614502,0.4794621169567108,-0.8629065155982971,-0.43180742859840395,0.8199961185455322,0.37569746375083926,0.8877127766609192,0.31260570883750918,0.3379994034767151],"Left Arm":[-0.43084216117858889,-0.09814618527889252,-0.3836402893066406,-0.29701513051986697,0.5254119634628296,-0.7973231673240662,-0.749602198600769,0.3889543414115906,0.5355474948883057,0.5915053486824036,0.756740927696228,0.27832460403442385],"Torso":[-0.13332499563694,-0.01386803388595581,-0.067719966173172,-0.2670644521713257,-0.9194328784942627,-0.28865155577659609,0.3862534761428833,-0.3765462636947632,0.8420339822769165,-0.8828843832015991,0.11338463425636292,0.455696165561676],"Right Leg":[-0.1808072328567505,0.47800809144973757,0.3409857749938965,0.9130852222442627,0.3935498893260956,-0.10674230009317398,-0.20582148432731629,0.670787513256073,0.7125178575515747,0.3520127236843109,-0.6286196708679199,0.6934871673583984],"Head":[-3.984978889093327e-7,-1.1239669817086906e-7,-3.491176414627262e-8,0.6786008477210999,0.36220940947532656,-0.6389877796173096,-0.7338218688964844,0.37190303206443789,-0.5685012340545654,0.03172498941421509,0.8546886444091797,0.5181708335876465]},"t":0.2721455999999307},{"p":{"Left Leg":[-0.20974862575531007,0.9561025500297546,0.016915883868932725,0.9672993421554565,0.2199006825685501,0.12639398872852326,-0.16812632977962495,0.1827837973833084,0.9686710238456726,0.18990863859653474,-0.9582450985908508,0.21377776563167573],"Right Arm":[-0.2832481265068054,-0.04019341617822647,-0.6486424207687378,0.1597130298614502,0.4794621169567108,-0.8629065155982971,-0.43180742859840395,0.8199961185455322,0.37569746375083926,0.8877127766609192,0.31260570883750918,0.3379994034767151],"Left Arm":[-0.43084222078323367,-0.09814620763063431,-0.38364019989967348,-0.2970150113105774,0.5254119634628296,-0.7973231673240662,-0.749602198600769,0.3889542818069458,0.5355473756790161,0.5915053486824036,0.7567408084869385,0.2783246636390686],"Torso":[-0.1333249807357788,-0.07263435423374176,-0.0677199587225914,-0.2670644521713257,-0.9194328784942627,-0.28865161538124087,0.3862534463405609,-0.3765462636947632,0.8420339822769165,-0.8828845024108887,0.11338460445404053,0.455696165561676],"Right Leg":[-0.1808071732521057,0.4780080318450928,0.34098565578460696,0.9130852222442627,0.3935498893260956,-0.10674230009317398,-0.20582148432731629,0.670787513256073,0.7125178575515747,0.3520127236843109,-0.6286196708679199,0.6934871673583984],"Head":[-3.5124151054333199e-7,-1.1920928955078126e-7,-8.259512895847365e-8,0.6786008477210999,0.36220940947532656,-0.6389877796173096,-0.7338218688964844,0.37190303206443789,-0.5685012340545654,0.03172498941421509,0.8546886444091797,0.5181708335876465]},"t":0.28867539999919247},{"p":{"Left Leg":[-0.20974868535995484,0.9561024904251099,0.01691591367125511,0.9672993421554565,0.2199006825685501,0.12639398872852326,-0.16812632977962495,0.1827837973833084,0.9686710238456726,0.18990863859653474,-0.9582450985908508,0.21377776563167573],"Right Arm":[-0.28324806690216067,-0.040193475782871249,-0.6486425399780273,0.1597130298614502,0.4794621169567108,-0.8629065155982971,-0.43180742859840395,0.8199961185455322,0.37569746375083926,0.8877127766609192,0.31260570883750918,0.3379994034767151],"Left Arm":[-0.4308422803878784,-0.0981462299823761,-0.3836400508880615,-0.2970150113105774,0.5254119634628296,-0.7973231673240662,-0.749602198600769,0.3889542818069458,0.5355473756790161,0.5915053486824036,0.7567408084869385,0.2783246636390686],"Torso":[-0.13332496583461762,-0.17632874846458436,-0.0677199438214302,-0.2670644521713257,-0.9194328784942627,-0.28865155577659609,0.3862534761428833,-0.3765462636947632,0.8420339822769165,-0.8828843832015991,0.11338463425636292,0.455696165561676],"Right Leg":[-0.18080711364746095,0.478007972240448,0.3409855365753174,0.9130852222442627,0.3935498893260956,-0.10674230009317398,-0.20582148432731629,0.670787513256073,0.7125178575515747,0.3520127236843109,-0.6286196708679199,0.6934871673583984],"Head":[-2.7673462454913535e-7,-1.1920928955078126e-7,-1.4220063349057455e-7,0.6786008477210999,0.36220940947532656,-0.6389877796173096,-0.7338218688964844,0.37190303206443789,-0.5685012340545654,0.03172498941421509,0.8546886444091797,0.5181708335876465]},"t":0.30600569999842266},{"p":{"Left Leg":[-0.20974868535995484,0.9561026096343994,0.0169159434735775,0.9672993421554565,0.2199006825685501,0.12639398872852326,-0.16812632977962495,0.1827837973833084,0.9686710238456726,0.18990863859653474,-0.9582450985908508,0.21377776563167573],"Right Arm":[-0.28324809670448305,-0.040193378925323489,-0.6486425995826721,0.1597130298614502,0.4794621169567108,-0.8629065155982971,-0.43180742859840395,0.8199961185455322,0.37569746375083926,0.8877127766609192,0.31260570883750918,0.3379994034767151],"Left Arm":[-0.43084222078323367,-0.09814617782831192,-0.3836399018764496,-0.2970150113105774,0.5254119634628296,-0.7973231673240662,-0.749602198600769,0.3889542818069458,0.5355473756790161,0.5915053486824036,0.7567408084869385,0.2783246636390686],"Torso":[-0.13332496583461762,-0.28002315759658816,-0.06771992892026901,-0.2670644521713257,-0.9194328784942627,-0.28865161538124087,0.3862534463405609,-0.3765462636947632,0.8420339822769165,-0.8828845024108887,0.11338460445404053,0.455696165561676],"Right Leg":[-0.18080708384513856,0.4780080318450928,0.34098541736602785,0.9130852222442627,0.3935498893260956,-0.10674230009317398,-0.20582148432731629,0.670787513256073,0.7125178575515747,0.3520127236843109,-0.6286196708679199,0.6934871673583984],"Head":[-1.7583050748726237e-7,-1.1920928955078126e-7,-1.3581298219378369e-7,0.6786008477210999,0.36220940947532656,-0.6389877796173096,-0.7338218688964844,0.37190303206443789,-0.5685012340545654,0.03172498941421509,0.8546886444091797,0.5181708335876465]},"t":0.32232139999905487},{"p":{"Left Leg":[-0.20974868535995484,0.9561026692390442,0.01691596582531929,0.9672993421554565,0.2199006825685501,0.12639398872852326,-0.16812632977962495,0.1827837973833084,0.9686710238456726,0.18990863859653474,-0.9582450985908508,0.21377776563167573],"Right Arm":[-0.2832481265068054,-0.04019328951835632,-0.6486426591873169,0.15971314907073975,0.4794621765613556,-0.8629064559936523,-0.4318074882030487,0.8199960589408875,0.37569743394851687,0.8877127170562744,0.31260567903518679,0.33799952268600466],"Left Arm":[-0.43084219098091128,-0.09814613312482834,-0.3836398124694824,-0.2970150113105774,0.5254119634628296,-0.7973231673240662,-0.749602198600769,0.3889542818069458,0.5355473756790161,0.5915053486824036,0.7567408084869385,0.2783246636390686],"Torso":[-0.13332495093345643,-0.3577917516231537,-0.06771991401910782,-0.2670644521713257,-0.9194328784942627,-0.28865161538124087,0.3862534463405609,-0.3765462636947632,0.8420339822769165,-0.8828845024108887,0.11338460445404053,0.455696165561676],"Right Leg":[-0.18080706894397736,0.47800806164741518,0.34098532795906069,0.9130852222442627,0.3935498893260956,-0.10674230009317398,-0.20582148432731629,0.670787513256073,0.7125178575515747,0.3520127236843109,-0.6286196708679199,0.6934871673583984],"Head":[-9.760053387708467e-8,-1.1920928955078126e-7,-1.246372676177998e-7,0.6786008477210999,0.36220940947532656,-0.6389877796173096,-0.7338218688964844,0.37190303206443789,-0.5685012340545654,0.03172498941421509,0.8546886444091797,0.5181708335876465]},"t":0.3359564999991562},{"p":{"Left Leg":[-0.2503819465637207,0.9616582989692688,0.007836072705686093,0.9776120185852051,0.17857317626476289,0.1112932413816452,-0.15096227824687959,0.22679394483566285,0.9621719121932983,0.14657746255397798,-0.9574320316314697,0.24867433309555055],"Right Arm":[-0.26767411828041079,-0.049448564648628238,-0.6158809661865234,0.23764540255069734,0.4808723032474518,-0.8439705967903137,-0.3923766314983368,0.8423422574996948,0.36945903301239016,0.8885747790336609,0.24335414171218873,0.38886183500289919],"Left Arm":[-0.4317464828491211,-0.09583355486392975,-0.3689863383769989,-0.2831122875213623,0.546964168548584,-0.7878310680389404,-0.7250971794128418,0.4155964255332947,0.5491029620170593,0.6277592182159424,0.7267119288444519,0.2789418697357178],"Torso":[-0.13139835000038148,-0.2509370744228363,0.06505866348743439,-0.17999553680419923,-0.9533296227455139,-0.24241331219673158,0.43916207551956179,-0.29839593172073367,0.8474057912826538,-0.8801921606063843,0.046070486307144168,0.47237610816955569],"Right Leg":[-0.13963854312896729,0.46581658720970156,0.3425202965736389,0.9275106191635132,0.3418448865413666,-0.15121527016162873,-0.14589062333106996,0.7035131454467773,0.6955466866493225,0.34415102005004885,-0.6230661273002625,0.7023878693580627],"Head":[-1.6381194711811987e-7,-9.078911489268649e-8,-2.447538349770184e-8,0.6922338008880615,0.35424500703811648,-0.6287471055984497,-0.7207866311073303,0.3825514018535614,-0.5780320167541504,0.035763055086135867,0.8533258438110352,0.5201500654220581]},"t":0.35214749999977359},{"p":{"Left Leg":[-0.3142968714237213,0.9703970551490784,-0.006446357816457748,0.9896992444992065,0.11086330562829972,0.09057904779911041,-0.11962603777647019,0.2928508222103119,0.948645293712616,0.078643798828125,-0.9497092366218567,0.3030964136123657],"Right Arm":[-0.2431766390800476,-0.06400691717863083,-0.5643478035926819,0.35677725076675417,0.4718248248100281,-0.8062824010848999,-0.32575517892837527,0.8717439770698547,0.3659864068031311,0.8755532503128052,0.13207508623600007,0.4647178053855896],"Left Arm":[-0.4331689774990082,-0.09219596534967423,-0.3459368646144867,-0.2604117691516876,0.5792742967605591,-0.772416353225708,-0.6833428144454956,0.45459288358688357,0.5713039040565491,0.6820764541625977,0.6765994429588318,0.2774616479873657],"Torso":[-0.12836787104606629,-0.023443758487701417,0.273915559053421,-0.03467997908592224,-0.9844106435775757,-0.1724332571029663,0.5048784017562866,-0.16615864634513856,0.8470473885536194,-0.862493634223938,-0.05768221616744995,0.5027700066566467],"Right Leg":[-0.07488163560628891,0.44663965702056887,0.3449348509311676,0.9414430856704712,0.25648993253707888,-0.21885590255260468,-0.049247466027736667,0.7467347979545593,0.6632962226867676,0.3335561156272888,-0.6136775016784668,0.7156397700309753],"Head":[-3.277270650414721e-7,-4.608499182268133e-8,1.24538360068982e-7,0.7131775617599487,0.34125834703445437,-0.6123074293136597,-0.6997242569923401,0.39890238642692568,-0.5926742553710938,0.041995853185653689,0.851128339767456,0.5232750177383423]},"t":0.36777449999863168},{"p":{"Left Leg":[-0.3782118260860443,0.9791359305381775,-0.020728467032313348,0.9965068101882935,0.