[{"p":{"Left Leg":[0.04094764590263367,-0.008855387568473816,-0.15685907006263734,0.8112834692001343,0.012654295191168785,0.5845161080360413,-0.0030493084341287615,0.9998437166213989,-0.017413489520549775,-0.5846450924873352,0.01234490517526865,0.8111952543258667],"Right Arm":[0.41189876198768618,0.042601361870765689,-0.2471100389957428,0.7961600422859192,-0.5847817063331604,-0.1554333120584488,0.5585162043571472,0.6114000082015991,0.560579776763916,-0.23278482258319856,-0.533123254776001,0.8133822679519653],"Left Arm":[-0.2292160838842392,0.1857844591140747,-0.5720432996749878,0.49983495473861697,0.752467691898346,-0.42890259623527529,-0.8254628777503967,0.5638027191162109,0.02715800702571869,0.26225194334983828,0.3404686450958252,0.9029424786567688],"Torso":[-0.5284451246261597,-0.9059873223304749,0.004106404725462198,0.9732551574707031,-0.1953141689300537,0.12094125896692276,0.20876017212867738,0.9716749787330627,-0.11075639724731446,-0.09588330239057541,0.13304194808006288,0.9864614605903626],"Right Leg":[-0.02364167757332325,-0.07768472284078598,0.07950413227081299,0.9043322205543518,0.31309774518013,-0.29009151458740237,-0.36625155806541445,0.9182316064834595,-0.15070024132728578,0.21918727457523347,0.24252954125404359,0.9450589418411255],"Head":[4.873922421211319e-7,-4.346176396552437e-8,-2.359351896075168e-7,0.9942317008972168,-0.044367969036102298,0.09764605760574341,0.056664563715457919,0.9902831315994263,-0.12699781358242036,-0.09106259047985077,0.13179834187030793,0.9870849847793579]},"t":0.00130650000028254},{"p":{"Left Leg":[0.05323193594813347,-0.011510860174894333,-0.2039114087820053,0.6799519658088684,0.02343507669866085,0.7328821420669556,0.0037427470088005068,0.9993652105331421,-0.035428740084171298,-0.7332471609115601,0.026832835748791696,0.6794326305389404],"Right Arm":[0.5354685187339783,0.055382147431373599,-0.32124704122543337,0.7385361194610596,-0.6305681467056274,-0.2386379837989807,0.5860558748245239,0.42542198300361636,0.6896046996116638,-0.3333209156990051,-0.6491531729698181,0.6837376952171326],"Left Arm":[-0.2979809045791626,0.24151968955993653,-0.7436596155166626,0.27065908908843996,0.7965213060379028,-0.5406455397605896,-0.9202005863189697,0.37904277443885805,0.09776274859905243,0.2827978730201721,0.4710419178009033,0.8355507254600525],"Torso":[1.0531015396118165,-1.177778959274292,0.0053422898054122929,0.9547799825668335,-0.24975445866584779,0.1613006740808487,0.27248886227607729,0.9521082043647766,-0.13870763778686524,-0.11893283575773239,0.17638790607452393,0.9771091341972351],"Right Leg":[-0.030734209343791009,-0.10098998248577118,0.10335563123226166,0.8363226056098938,0.3907182812690735,-0.3845824897289276,-0.4807368516921997,0.8598619103431702,-0.1718418002128601,0.26354607939720156,0.32859814167022707,0.9069546461105347],"Head":[6.33609886335762e-7,-5.6500290668282108e-8,-3.067157479108573e-7,0.9902503490447998,-0.05512126907706261,0.1279294639825821,0.07590523362159729,0.9835762977600098,-0.1637561023235321,-0.11680195480585098,0.17187005281448365,0.9781707525253296]},"t":0.011195800000223244},{"p":{"Left Leg":[0.061421461403369907,-0.013281161896884442,-0.23527956008911134,0.577462911605835,0.03224162384867668,0.8157801032066345,0.010319610126316548,0.9988518357276917,-0.04678196460008621,-0.8163517117500305,0.03543338179588318,0.5764671564102173],"Right Arm":[0.61784827709198,0.06390269100666046,-0.3706717789173126,0.7020474672317505,-0.6466102600097656,-0.2983696162700653,0.5880417823791504,0.290058434009552,0.7550317049026489,-0.4016666114330292,-0.7055219411849976,0.583868682384491],"Left Arm":[-0.3438241183757782,0.27867650985717776,-0.8580704927444458,0.11139737069606781,0.7923749089241028,-0.599777102470398,-0.9544430375099182,0.25342220067977908,0.15753012895584107,0.27681976556777956,0.5549046397209168,0.7845072746276856],"Torso":[1.5871326923370362,-1.3589744567871094,0.006164389196783304,0.9398620128631592,-0.284524142742157,0.18895867466926576,0.3147585391998291,0.9363088607788086,-0.15573324263095857,-0.13261383771896363,0.20584411919116975,0.969557523727417],"Right Leg":[-0.03546256572008133,-0.11652681231498718,0.1192566379904747,0.782117486000061,0.43451443314552309,-0.4466423988342285,-0.5537794232368469,0.8133045434951782,-0.17850527167320252,0.2856931686401367,0.3869534432888031,0.8767248392105103],"Head":[7.310882779165695e-7,-6.519263706650236e-8,-3.539027488841384e-7,0.9870233535766602,-0.061597809195518497,0.14829233288764954,0.08926093578338623,0.9781403541564941,-0.18781358003616334,-0.13348180055618287,0.19861310720443726,0.9709455966949463]},"t":0.021161200000278769},{"p":{"Left Leg":[0.0737057626247406,-0.015936605632305146,-0.2823316752910614,0.408480167388916,0.047361310571432117,0.9115375876426697,0.022861894220113756,0.9978086352348328,-0.062088675796985629,-0.9124807715415955,0.04620147496461868,0.40650230646133425],"Right Arm":[0.7414180636405945,0.07668355107307434,-0.44480907917022707,0.6535573601722717,-0.6494645476341248,-0.3886626958847046,0.5681734681129456,0.08173088729381561,0.8188400864601135,-0.5000418424606323,-0.755986750125885,0.42242431640625],"Left Arm":[-0.4125889539718628,0.33441171050071719,-1.0296870470046998,-0.12008415162563324,0.7405559420585632,-0.6611781716346741,-0.9630313515663147,0.07487739622592926,0.2587739825248718,0.24114394187927247,0.6678099632263184,0.7041870355606079],"Torso":[1.2141704559326172,-1.630770206451416,0.007393648382276297,0.9137270450592041,-0.33406370878219607,0.2313099503517151,0.3774374723434448,0.9086297154426575,-0.1786981225013733,-0.1504785418510437,0.2505863308906555,0.9563277363777161],"Right Leg":[-0.042555104941129687,-0.13983207941055299,0.14310815930366517,0.6897462010383606,0.48678523302078249,-0.5359946489334106,-0.6557026505470276,0.7339169979095459,-0.17725639045238496,0.3070898652076721,0.47371500730514529,0.8254028558731079],"Head":[8.773059221311996e-7,-7.823115311111906e-8,-4.246832645549148e-7,0.981332004070282,-0.07025021314620972,0.17903174459934236,0.11004586517810822,0.9685531258583069,-0.2231474071741104,-0.15772558748722077,0.23868338763713838,0.9582029581069946]},"t":0.03289100000029066},{"p":{"Left Leg":[0.09119540452957154,0.03848975896835327,-0.1430886685848236,0.4460308849811554,0.13328872621059419,0.8850371241569519,-0.03038768470287323,0.9905340075492859,-0.13386237621307374,-0.8945016264915466,0.03281251713633537,0.44585907459259035],"Right Arm":[0.6469463109970093,0.1492847502231598,-0.37510958313941958,0.6378639340400696,-0.6556981801986694,-0.4039672315120697,0.5659334659576416,0.04330848902463913,0.8233125805854797,-0.5223494172096252,-0.753779947757721,0.3987065255641937],"Left Arm":[-0.34766316413879397,0.30700892210006716,-0.941027820110321,-0.26762619614601138,0.7159489989280701,-0.6448202133178711,-0.9631968140602112,-0.1813875287771225,0.1983691304922104,0.025059908628463746,0.6741775274276733,0.738143801689148],"Torso":[0.4583117961883545,-0.9026386141777039,-0.14479860663414002,0.9645528197288513,-0.14101310074329377,0.22305409610271455,0.1910010427236557,0.9562997817993164,-0.22138044238090516,-0.18208907544612885,0.2561366856098175,0.9493353366851807],"Right Leg":[0.0019613918848335745,-0.07884261757135391,0.14840033650398255,0.7005751729011536,0.5318101048469544,-0.47578608989715578,-0.6454334855079651,0.7566103935241699,-0.10467235743999481,0.3043188452720642,0.38041919469833376,0.8733105659484863],"Head":[7.394591534648498e-7,-8.18657724721561e-7,-2.218822174882007e-7,0.9913966059684753,-0.11892446130514145,0.05467813089489937,0.12934355437755586,0.9541616439819336,-0.2698996067047119,-0.02007410302758217,0.27464979887008669,0.961334764957428]},"t":0.046963700000105749},{"p":{"Left Leg":[0.10868459194898606,0.09291623532772064,-0.0038447543047368528,0.45565202832221987,0.22735527157783509,0.860633909702301,-0.123904287815094,0.9736199378967285,-0.1916033923625946,-0.8814924359321594,-0.01933176815509796,0.4718022048473358],"Right Arm":[0.5577775239944458,0.24256698787212373,-0.3240656852722168,0.5810394287109375,-0.6733947992324829,-0.45709142088890078,0.6071232557296753,-0.015410701744258404,0.7944582104682922,-0.5420280694961548,-0.7391224503517151,0.39987942576408389],"Left Arm":[-0.2710936963558197,0.29402777552604678,-0.8468167185783386,-0.43234750628471377,0.6327905654907227,-0.6423797011375427,-0.8800045251846314,-0.45146405696868899,0.14755377173423768,-0.19664068520069123,0.6290916204452515,0.7520479559898377],"Torso":[-0.12494928389787674,-0.21356022357940675,-0.2759820520877838,0.9797153472900391,0.04686051234602928,0.19483812153339387,0.006068762391805649,0.9648906588554382,-0.26258182525634768,-0.20030219852924348,0.2584378719329834,0.945033848285675],"Right Leg":[0.04647725820541382,-0.01785336248576641,0.15369288623332978,0.7242901921272278,0.5653574466705322,-0.394682914018631,-0.6252261400222778,0.779856264591217,-0.030271515250205995,0.29068174958229067,0.2686914801597595,0.9183185696601868],"Head":[5.010306267649867e-7,-0.0000017060458503692644,-7.440100091571367e-8,0.9807212352752686,-0.17762166261672975,-0.08146394044160843,0.1400146186351776,0.9295312166213989,-0.341126948595047,0.13631480932235719,0.3231442868709564,0.9364806413650513]},"t":0.05761610000035944},{"p":{"Left Leg":[0.12034378945827484,0.12920056283473969,0.08898487687110901,0.44275036454200747,0.29342660307884219,0.8472738265991211,-0.2057546079158783,0.9529706239700317,-0.22251254320144654,-0.8727182149887085,-0.07581296563148499,0.4823020100593567],"Right Arm":[0.5012778043746948,0.31624457240104678,-0.30040067434310915,0.5163387656211853,-0.6873651742935181,-0.5108068585395813,0.653071403503418,-0.06980195641517639,0.7540727257728577,-0.5539786219596863,-0.7229501605033875,0.4128570854663849],"Left Arm":[-0.21357877552509309,0.2933855950832367,-0.7809252142906189,-0.5372632741928101,0.5404064059257507,-0.6475407481193543,-0.7745810151100159,-0.6199394464492798,0.12529657781124116,-0.3337249755859375,0.5688900947570801,0.7516589760780335],"Torso":[-0.3669889271259308,0.22412872314453126,-0.35176587104797366,0.9730501174926758,0.16017115116119386,0.16588740050792695,-0.1079007163643837,0.9520397186279297,-0.2863175868988037,-0.20379121601581574,0.2607020139694214,0.9436649680137634],"Right Leg":[0.07615411281585694,0.022805962711572648,0.1572214514017105,0.7461562156677246,0.5787125825881958,-0.3291544020175934,-0.6068863868713379,0.7945073246955872,0.021143093705177308,0.2737513482570648,0.18398326635360719,0.9440394043922424],"Head":[2.8619959380193907e-7,-0.0000023792824777046919,-6.81354350717811e-9,0.9584975838661194,-0.22443139553070069,-0.1758207082748413,0.13843125104904176,0.9054849147796631,-0.40116560459136965,0.24923714995384217,0.3601771593093872,0.8989734053611755]},"t":0.06659910000007585},{"p":{"Left Leg":[0.16143898665905,0.2123735249042511,0.2901877462863922,0.4025498628616333,0.41219308972358706,0.8173434734344482,-0.39913710951805117,0.8825715780258179,-0.24850916862487794,-0.8237979412078857,-0.22619476914405824,0.5198006629943848],"Right Arm":[0.3652571439743042,0.5156339406967163,-0.260084867477417,0.26574599742889407,-0.712731122970581,-0.6491483449935913,0.7610061168670654,-0.25827905535697939,0.5951149463653565,-0.5918183326721191,-0.6521551609039307,0.4737561345100403],"Left Arm":[-0.047150157392024997,0.31982356309890749,-0.6054010391235352,-0.7158849835395813,0.20712733268737794,-0.6667884588241577,-0.38290393352508547,-0.915036678314209,0.12685588002204896,-0.5838605165481567,0.3461301624774933,0.7343705296516419],"Torso":[-0.13298043608665467,1.245603084564209,-0.4449766278266907,0.9205474853515625,0.3819776475429535,0.08176456391811371,-0.3412916362285614,0.8882870078086853,-0.3073537349700928,-0.19003264605998994,0.2550281286239624,0.948076069355011],"Right Leg":[0.1604384034872055,0.12501342594623567,0.15362733602523805,0.8093840479850769,0.5726670026779175,-0.13019195199012757,-0.5568262338638306,0.8187790513038635,0.13980472087860108,0.18665999174118043,-0.04066140949726105,0.981582760810852],"Head":[-5.778555305369082e-7,-0.000004613177679857472,1.464230905412478e-7,0.8617241978645325,-0.3520621657371521,-0.36535415053367617,0.09513695538043976,0.8194301724433899,-0.5652284622192383,0.4983777701854706,0.4523123502731323,0.7396169304847717]},"t":0.08469920000015918},{"p":{"Left Leg":[0.21735385060310365,0.2425565868616104,0.3301411271095276,0.5134595036506653,0.3627506494522095,0.7776705026626587,-0.3782382011413574,0.9091424942016602,-0.17434385418891908,-0.7702566385269165,-0.2046261429786682,0.604013979434967],"Right Arm":[0.27741673588752749,0.5973860621452332,-0.2151697725057602,0.10773906111717224,-0.7344412207603455,-0.670065701007843,0.7549428343772888,-0.3781038224697113,0.5358158946037293,-0.6468797326087952,-0.5635897517204285,0.5137245655059815],"Left Arm":[0.06823147088289261,0.35491466522216799,-0.49268433451652529,-0.7439843416213989,-0.021431773900985719,-0.6678532958030701,-0.12000812590122223,-0.9789479374885559,0.1651032418012619,-0.6573320031166077,0.20298205316066743,0.7257496118545532],"Torso":[-0.0446401983499527,1.8147668838500977,-0.3279697299003601,0.8767600059509277,0.4768817126750946,0.06225486472249031,-0.4467580020427704,0.8555354475975037,-0.2616606056690216,-0.1780424267053604,0.20160067081451417,0.9631500244140625],"Right Leg":[0.23741424083709718,0.18780149519443513,0.1189882829785347,0.8343346118927002,0.5512257218360901,0.005998477339744568,-0.544401228427887,0.8221966028213501,0.16619278490543366,0.08667780458927155,-0.14192597568035127,0.9860750436782837],"Head":[-0.000001574144562255242,-0.000006842835773568368,4.048745552154287e-7,0.8424829244613648,-0.3867133855819702,-0.37506699562072756,0.06881076097488404,0.7677581906318665,-0.6370341181755066,0.5343103408813477,0.5108817219734192,0.673433244228363]},"t":0.09800440000026356},{"p":{"Left Leg":[0.26206138730049136,0.2579902708530426,0.3375753164291382,0.6032595634460449,0.2964441180229187,0.7404044270515442,-0.33057886362075808,0.9377922415733337,-0.10612867772579193,-0.7258067727088928,-0.1807389110326767,0.6637303233146668],"Right Arm":[0.21864108741283418,0.6478158831596375,-0.18475006520748139,-0.01101633906364441,-0.7386078238487244,-0.6740454435348511,0.7320865988731384,-0.46512076258659365,0.49770668148994448,-0.6811225414276123,-0.48797670006752016,0.5458488464355469],"Left Arm":[0.15162119269371034,0.38632073998451235,-0.41445571184158327,-0.7324919700622559,-0.168113112449646,-0.6596919298171997,0.04334009811282158,-0.9785797595977783,0.2012542486190796,-0.6793946027755737,0.1188260018825531,0.7240875363349915],"Torso":[-0.007440354209393263,2.174497604370117,-0.20384041965007783,0.8498908281326294,0.523772656917572,0.05786076933145523,-0.5011764168739319,0.8373458385467529,-0.21834442019462586,-0.16281229257583619,0.15657049417495728,0.9741549491882324],"Right Leg":[0.2950087785720825,0.2300080806016922,0.08817337453365326,0.8428934812545776,0.5280976891517639,0.10316726565361023,-0.5380402207374573,0.8248456120491028,0.17361584305763246,0.0065890587866306309,-0.20184779167175294,0.9793947339057922],"Head":[-0.0000023759378109389219,-0.000008575760148232803,6.035625688127766e-7,0.8430123925209045,-0.3992629051208496,-0.36044323444366457,0.0535234659910202,0.7290398478507996,-0.682375431060791,0.5352246165275574,0.5559587478637695,0.6359595656394959]},"t":0.10849080000025424},{"p":{"Left Leg":[0.3402692377567291,0.2741084098815918,0.3199247121810913,0.7422117590904236,0.1401677280664444,0.6553431749343872,-0.1983286589384079,0.9800207018852234,0.015006788074970246,-0.6401463747024536,-0.1411115527153015,0.755182147026062],"Right Arm":[0.13015444576740266,0.717353105545044,-0.13840597867965699,-0.20427697896957398,-0.7191634178161621,-0.6641346216201782,0.664015531539917,-0.6002936959266663,0.44579240679740908,-0.7192734479904175,-0.34993061423301699,0.6001618504524231],"Left Arm":[0.28640881180763247,0.4454479217529297,-0.292486310005188,-0.6825830936431885,-0.36606526374816897,-0.6325159668922424,0.25436627864837649,-0.9303893446922302,0.26395708322525027,-0.6851117014884949,0.019281886518001558,0.7281825542449951],"Torso":[0.015818890184164048,2.6845266819000246,0.05154043436050415,0.8179274797439575,0.5717747807502747,0.06378255039453507,-0.5604713559150696,0.8169296383857727,-0.13600699603557588,-0.1298712193965912,0.07549556344747544,0.9886525273323059],"Right Leg":[0.3908165991306305,0.29383984208106997,0.030367735773324968,0.8382754325866699,0.4816184639930725,0.25561287999153139,-0.529397189617157,0.8311395049095154,0.17013438045978547,-0.130510151386261,-0.27794021368026736,0.9516912698745728],"Head":[-0.000003785029093705816,-0.000011544876542757266,9.411752444066224e-7,0.8626863956451416,-0.39937475323677065,-0.31027740240097048,0.03818333148956299,0.6631959080696106,-0.7474712133407593,0.504295825958252,0.6329858303070068,0.587379515171051]},"t":0.1191369000002851},{"p":{"Left Leg":[0.563565731048584,0.1921325922012329,-0.08899352699518204,0.7070861458778381,-0.6803898215293884,0.19261062145233155,0.6210319399833679,0.7277715802192688,0.2909772992134094,-0.33815455436706545,-0.08612867444753647,0.9371410608291626],"Right Arm":[0.03611449897289276,0.7048851251602173,-0.08238774538040161,-0.6216851472854614,-0.5412436127662659,-0.5661829113960266,0.32305246591567995,-0.8356830477714539,0.44415193796157839,-0.7135438323020935,0.0932159274816513,0.6943820714950562],"Left Arm":[0.5518799424171448,0.6647934317588806,-0.10974375903606415,-0.6745823621749878,-0.5685071349143982,-0.4708910286426544,0.3308168649673462,-0.8030662536621094,0.49562567472457888,-0.6599234342575073,0.17856164276599885,0.7298061847686768],"Torso":[0.0000322761079587508,2.787452220916748,1.262342929840088,0.9286699295043945,0.3440026640892029,0.13868814706802369,-0.36646872758865359,0.9086729288101196,0.20003557205200196,-0.057209424674510959,-0.2365918755531311,0.9699233770370483],"Right Leg":[0.6231329441070557,0.3727705776691437,-0.18591836094856263,0.7292570471763611,0.4155193567276001,0.5436246395111084,-0.47828900814056399,0.8777145743370056,-0.02926976978778839,-0.4893094301223755,-0.23866452276706696,0.8388179540634155],"Head":[-0.00000795168580225436,-0.00001944810173881706,0.0000018070145415549633,0.9880424737930298,-0.10615666210651398,0.11181668937206269,0.1518036276102066,0.5428847670555115,-0.8259733319282532,0.0269789882004261,0.8330708146095276,0.5525081157684326]},"t":0.1682677000003423},{"p":{"Left Leg":[0.24990329146385194,0.08519456535577774,-0.039466168731451038,0.6556028723716736,-0.7491886019706726,0.09434670209884644,0.6626880764961243,0.6307502388954163,0.40373098850250246,-0.3619798719882965,-0.20216475427150727,0.9099999666213989],"Right Arm":[-0.017441142350435258,0.7602051496505737,-0.08513049781322479,-0.6023091077804565,-0.3643092215061188,-0.7102833986282349,-0.011351257562637329,-0.8857875466346741,0.4639521837234497,-0.7981822490692139,0.28750520944595339,0.5293826460838318],"Left Arm":[0.4826997220516205,0.5026324391365051,-0.21420568227767945,-0.8030983805656433,-0.5136407613754273,-0.30200350284576418,0.3654945194721222,-0.8249520063400269,0.4311240315437317,-0.4705812931060791,0.2358543872833252,0.8502506017684937],"Torso":[0.00003089924939558841,2.5853121280670168,1.8659241199493409,0.9011427760124207,-0.3732306957244873,0.22054605185985566,0.2815172076225281,0.8906684517860413,0.35701224207878115,-0.3296813368797302,-0.259631484746933,0.9076902866363525],"Right Leg":[1.0066211223602296,0.7443523406982422,-0.2182953655719757,0.7304351329803467,0.6048396229743958,0.317227840423584,-0.6543837189674377,0.7527764439582825,0.07148106396198273,-0.1955670714378357,-0.2598010301589966,0.9456515908241272],"Head":[-0.000005442293513624463,-0.000014694651326863096,0.0000012988870139452047,0.9967381954193115,0.051162637770175937,0.06241205334663391,0.0193385798484087,0.5994074940681458,-0.8002103567123413,-0.07835112512111664,0.7988072633743286,0.5964629650115967]},"t":0.2133665999999721},{"p":{"Left Leg":[0.05029869079589844,0.017142683267593385,-0.00794856995344162,0.6203631162643433,-0.7838390469551086,0.027313977479934694,0.6851755976676941,0.558566689491272,0.46748024225234988,-0.3816859722137451,-0.27129262685775759,0.8835815191268921],"Right Arm":[-0.051522210240364078,0.7954090237617493,-0.08687588572502136,-0.5589540004730225,-0.2409655898809433,-0.7934141755104065,-0.22781498730182649,-0.8753965497016907,0.42635810375213625,-0.7972896695137024,0.4190661907196045,0.43441104888916018],"Left Arm":[0.4386756718158722,0.39943844079971316,-0.280681848526001,-0.867990255355835,-0.45945513248443606,-0.18839798867702485,0.36433279514312746,-0.8470105528831482,0.38708487153053286,-0.3374232053756714,0.2673463523387909,0.9025916457176209],"Torso":[0.000030023064027773218,2.456676721572876,2.250023603439331,0.6287213563919067,-0.7501793503761292,0.20479340851306916,0.6034911274909973,0.6367899179458618,0.47989267110824587,-0.4904159903526306,-0.17812781035900117,0.8530900478363037],"Right Leg":[1.2506605386734009,0.9808149337768555,-0.23889903724193574,0.6737756133079529,0.7172471284866333,0.1777161806821823,-0.7389342784881592,0.6545192003250122,0.1599399298429489,-0.0016021728515625,-0.23908419907093049,0.9709975719451904],"Head":[-0.000003845397714030696,-0.000011669709238049109,9.755310657055816e-7,0.987567663192749,0.15321984887123109,0.03512433543801308,-0.06861815601587296,0.6212244629859924,-0.780622661113739,-0.14142699539661408,0.7685075402259827,0.6240148544311523]},"t":0.24189400000022943},{"p":{"Left Leg":[-0.11608056724071503,0.1061338260769844,0.08805930614471436,0.6752143502235413,-0.7316622138023377,0.09357282519340515,0.6337354779243469,0.6403446197509766,0.433979332447052,-0.37744516134262087,-0.23372864723205567,0.896050214767456],"Right Arm":[-0.13283704221248628,0.8170040249824524,-0.10348683595657349,-0.4862689971923828,-0.20635226368904115,-0.8490944504737854,-0.322518914937973,-0.8607200384140015,0.39388149976730349,-0.812110960483551,0.465381383895874,0.35198915004730227],"Left Arm":[0.4072297215461731,0.3257279396057129,-0.3281651437282562,-0.9050622582435608,-0.41182854771614077,-0.10611088573932648,0.35199984908103945,-0.8654399514198303,0.3565244972705841,-0.2386595755815506,0.2853258550167084,0.9282408952713013],"Torso":[0.000031480652978643778,2.3753769397735597,2.2933900356292726,0.47653698921203616,-0.8638411164283752,0.16337385773658753,0.6581836342811585,0.47374600172042849,0.585114598274231,-0.5828437805175781,-0.17129871249198914,0.7943236231803894],"Right Leg":[1.3173396587371827,1.1436783075332642,-0.25621843338012698,0.7002900838851929,0.7037215828895569,0.11987393349409104,-0.7119192481040955,0.6761015057563782,0.189889058470726,0.05258207768201828,-0.21831797063350678,0.9744600653648377],"Head":[-0.0000027047499315813185,-0.00000950902085605776,7.445610208378639e-7,0.9739441871643066,0.22609734535217286,0.017684832215309144,-0.1323188841342926,0.6298463344573975,-0.7653661966323853,-0.18418598175048829,0.7430839538574219,0.6433520913124085]},"t":0.2625011000000086},{"p":{"Left Leg":[-0.2954302132129669,0.2701016664505005,0.22411388158798219,0.7590256333351135,-0.6150877475738525,0.21341779828071595,0.5326244831085205,0.7751559019088745,0.3397713005542755,-0.37442120909690859,-0.14422357082366944,0.915973961353302],"Right Arm":[-0.24519477784633637,0.8366641402244568,-0.1284695714712143,-0.3908672332763672,-0.2108149230480194,-0.8959798812866211,-0.3783361613750458,-0.8505899906158447,0.36518266797065737,-0.8390974998474121,0.4817195236682892,0.2527088522911072],"Left Arm":[0.375783771276474,0.25201743841171267,-0.3756484389305115,-0.9337444305419922,-0.3571331799030304,-0.02402529865503311,0.330093115568161,-0.885114848613739,0.3280400037765503,-0.13841909170150758,0.2983749508857727,0.9443585872650147],"Torso":[0.000034073484130203727,2.2998437881469728,2.2108912467956545,0.38272029161453249,-0.9174745082855225,0.10847029089927674,0.6366510391235352,0.3469957411289215,0.6886723041534424,-0.6694779396057129,-0.19451114535331727,0.7169133424758911],"Right Leg":[1.3253692388534547,1.303250789642334,-0.2749558687210083,0.7674956917762756,0.635871171951294,0.08135245740413666,-0.6379086971282959,0.7449992895126343,0.19506019353866578,0.06342561542987824,-0.20160329341888429,0.9774115085601807],"Head":[-0.0000015641030586266425,-0.000007348334293055814,5.13591089656984e-7,0.9544482231140137,0.29837000370025637,0.0019810348749160768,-0.19620093703269959,0.6325966119766235,-0.7492173314094544,-0.22479718923568726,0.7147005200386047,0.6623212099075317]},"t":0.28142539999998919},{"p":{"Left Leg":[-0.43891075253486636,0.40127667784690859,0.3329581618309021,0.8109460473060608,-0.5032505989074707,0.29850536584854128,0.44264787435531618,0.8612843155860901,0.2495039999485016,-0.38266098499298098,-0.07020151615142822,0.9212178587913513],"Right Arm":[-0.3350814878940582,0.8523923754692078,-0.1484558880329132,-0.31038713455200198,-0.22127050161361695,-0.9244994521141052,-0.4159650206565857,-0.8428688049316406,0.34138718247413638,-0.8547707200050354,0.490521639585495,0.169575035572052],"Left Arm":[0.3506268858909607,0.19304874539375306,-0.41363525390625,-0.950316309928894,-0.308599591255188,0.04080675542354584,0.3058133125305176,-0.9010797142982483,0.3074631094932556,-0.058112844824790958,0.3046664595603943,0.9506846070289612],"Torso":[0.00003614776142057963,2.23941707611084,2.1448917388916017,0.30740994215011599,-0.949981153011322,0.05509045720100403,0.6052661538124085,0.23987801373004914,0.7590200901031494,-0.7342697381973267,-0.19998595118522645,0.6487323045730591],"Right Leg":[1.3317928314208985,1.4309096336364747,-0.28994590044021609,0.8154762983322144,0.5766192078590393,0.05008662864565849,-0.574098527431488,0.7948351502418518,0.19659072160720826,0.0735473781824112,-0.1890697479248047,0.9792054891586304],"Head":[-6.515801942441613e-7,-0.000005619775038212538,3.288140533186379e-7,0.9346654415130615,0.35540610551834109,-0.009325876832008362,-0.24711094796657563,0.6305590271949768,-0.7357523441314697,-0.2556103467941284,0.6899868249893189,0.6771864891052246]},"t":0.299421600000187},{"p":{"Left Leg":[-0.5823913216590881,0.5324516892433167,0.4418025016784668,0.8479515314102173,-0.37787142395973208,0.37174102663993838,0.34759148955345156,0.9258514642715454,0.14825396239757539,-0.4001978933811188,0.0035018622875213625,0.9164220690727234],"Right Arm":[-0.4249682128429413,0.868120551109314,-0.16844218969345094,-0.22736704349517823,-0.23728343844413758,-0.9444579482078552,-0.4474082291126251,-0.8359832763671875,0.31773871183395388,-0.864945113658905,0.49480152130126955,0.08391249179840088],"Left Arm":[0.3254700005054474,0.13408005237579347,-0.4516221284866333,-0.9609925150871277,-0.2561434805393219,0.10432621836662293,0.2757369577884674,-0.9166403412818909,0.2893781065940857,0.02150730788707733,0.30685675144195559,0.9515125155448914],"Torso":[0.00003822203871095553,2.178990364074707,2.078892230987549,0.23316127061843873,-0.9724211692810059,-0.005744904279708862,0.5617659091949463,0.12986990809440614,0.8170391321182251,-0.7937600612640381,-0.19372913241386414,0.5765537023544312],"Right Leg":[1.3382165431976319,1.5585684776306153,-0.30493593215942385,0.857952356338501,0.513391375541687,0.018626324832439424,-0.5066701173782349,0.839617133140564,0.1957765817642212,0.08487104624509812,-0.17740437388420106,0.9804716110229492],"Head":[2.6094221539096909e-7,-0.0000038912166928639639,1.4403713066712954e-7,0.911217212677002,0.4114634394645691,-0.0195171982049942,-0.29757755994796755,0.6247668862342835,-0.721882164478302,-0.28483444452285769,0.66359943151474,0.6917406320571899]},"t":0.3143987000003108},{"p":{"Left Leg":[-0.6899986267089844,0.6308301687240601,0.5234333872795105,0.8653460741043091,-0.2768084406852722,0.41779565811157229,0.27471035718917849,0.9592217206954956,0.06654246896505356,-0.41917818784713747,0.05719054862856865,0.906100869178772],"Right Arm":[-0.49238133430480959,0.8799163699150086,-0.1834314912557602,-0.1640690565109253,-0.2525519132614136,-0.9535716772079468,-0.4670310616493225,-0.8315783739089966,0.3005983829498291,-0.8688862323760986,0.49466651678085329,0.01848679780960083],"Left Arm":[0.3066028356552124,0.08985477685928345,-0.48011142015457156,-0.9650266170501709,-0.21444171667099,0.1507924646139145,0.24953868985176087,-0.9276907444000244,0.27770546078681948,0.08033715188503266,0.3056217133998871,0.948758065700531],"Torso":[0.00003977770029450767,2.133671522140503,2.0293941497802736,0.17888878285884858,-0.9822940826416016,-0.05565240979194641,0.5215795040130615,0.04672040045261383,0.8519225120544434,-0.8342382907867432,-0.1814264953136444,0.5207021832466126],"Right Leg":[1.3430341482162476,1.6543097496032715,-0.3161781132221222,0.8860172033309937,0.46362563967704775,-0.004981175065040588,-0.45400306582450869,0.8697081208229065,0.1936209499835968,0.09409978985786438,-0.16929003596305848,0.9810637831687927],"Head":[9.45315150602255e-7,-0.000002594833858893253,5.458218765852507e-9,0.8912671804428101,0.4527076184749603,-0.026431873440742494,-0.3349868357181549,0.61797696352005,-0.7112582325935364,-0.3056577444076538,0.6427754759788513,0.7024336457252502]},"t":0.3272990000000391},{"p":{"Left Leg":[-0.7171566486358643,0.7000887393951416,0.5420296788215637,0.8703399896621704,-0.24763204157352448,0.42566031217575076,0.2544306516647339,0.9661847352981567,0.04185764491558075,-0.4216318130493164,0.07187061756849289,0.9039143919944763],"Right Arm":[-0.4836529791355133,0.8795973658561707,-0.17880018055438996,-0.12414973974227905,-0.26285868883132937,-0.9568135142326355,-0.46851474046707156,-0.8344869017601013,0.29004406929016116,-0.8746889233589172,0.48429012298583987,-0.01955193281173706],"Left Arm":[0.26277583837509158,0.09525954723358154,-0.48058995604515078,-0.9627374410629273,-0.1960662603378296,0.18626506626605988,0.2418617308139801,-0.9323760271072388,0.26865944266319277,0.12099404633045197,0.303698867559433,0.9450542330741882],"Torso":[0.00004058814738527872,2.105818271636963,1.965384840965271,0.1412467360496521,-0.9858956933021545,-0.0897720456123352,0.49208003282546999,-0.008766040205955506,0.8705058693885803,-0.8590149283409119,-0.16713112592697144,0.48390141129493716],"Right Leg":[1.344260573387146,1.6786710023880005,-0.3190390467643738,0.8964244723320007,0.4431692957878113,0.004914335906505585,-0.43689656257629397,0.8817645907402039,0.1777995526790619,0.07446200400590897,-0.16153094172477723,0.984054446220398],"Head":[0.0000013741947668677313,-0.000003049294491574983,-5.4132307525378567e-8,0.8958988189697266,0.44337543845176699,-0.02798902988433838,-0.32291290163993838,0.6066296696662903,-0.726448655128479,-0.30511051416397097,0.6598625183105469,0.6866505146026611]},"t":0.3369422000000668},{"p":{"Left Leg":[-0.716618001461029,0.8073774576187134,0.5367553234100342,0.8751838803291321,-0.2411143183708191,0.4194246232509613,0.25028151273727419,0.9675763845443726,0.03398508206009865,-0.4140196740627289,0.07523106038570404,0.9071537256240845],"Right Arm":[-0.4208683967590332,0.8715424537658691,-0.1583130657672882,-0.06664884090423584,-0.27757903933525088,-0.958388090133667,-0.4593920409679413,-0.8441234230995178,0.2764317989349365,-0.8857295513153076,0.4586997628211975,-0.0712578296661377],"Left Arm":[0.16810274124145509,0.13566893339157105,-0.4641657769680023,-0.9537901282310486,-0.17634879052639008,0.24328073859214784,0.2380412071943283,-0.9375523328781128,0.25363755226135256,0.18335974216461183,0.29982781410217287,0.9362064599990845],"Torso":[0.0000415939575759694,2.066222667694092,1.8406589031219483,0.08426246047019959,-0.9861866235733032,-0.14260384440422059,0.443349689245224,-0.09106151759624481,0.8917112946510315,-0.8923794031143189,-0.13836103677749635,0.4295526146888733],"Right Leg":[1.3442617654800416,1.678671956062317,-0.31904006004333498,0.9039185643196106,0.42543014883995058,0.04405028000473976,-0.42719629406929018,0.8930230736732483,0.14146767556667329,0.020846713334321977,-0.1466933637857437,0.9889623522758484],"Head":[0.0000019921744751627559,-0.000004951952632836765,-1.1315382408838559e-7,0.9182195663452148,0.3952464163303375,-0.025553300976753236,-0.27104875445365908,0.5800247192382813,-0.7681822180747986,-0.2887997031211853,0.7122861742973328,0.6397210955619812]},"t":0.34878840000010316},{"p":{"Left Leg":[-0.7160793542861939,0.9146661162376404,0.5314809679985046,0.879940927028656,-0.23461057245731355,0.4131123125553131,0.2460588961839676,0.9689024090766907,0.02613687887787819,-0.4063974916934967,0.0786510705947876,0.9103049039840698],"Right Arm":[-0.3580838143825531,0.8634875416755676,-0.13782593607902528,-0.009433090686798096,-0.2923186123371124,-0.9562744498252869,-0.4477454721927643,-0.853857159614563,0.26542794704437258,-0.8941113352775574,0.4306713938713074,-0.12282979488372803],"Left Arm":[0.07342961430549622,0.17607831954956056,-0.4477415680885315,-0.9416927695274353,-0.15442931652069093,0.298941969871521,0.23066899180412293,-0.9431154131889343,0.23942650854587556,0.24496233463287354,0.29442286491394045,0.9237470030784607],"Torso":[0.00004259976776666008,2.0266270637512209,1.715933084487915,0.029789507389068605,-0.9797438979148865,-0.19802674651145936,0.3888069987297058,-0.17115455865859986,0.9052819013595581,-0.9208375215530396,-0.10396206378936768,0.3758327066898346],"Right Leg":[1.3442630767822266,1.6786729097366334,-0.31904104351997378,0.9089471697807312,0.40838271379470827,0.08389624953269959,-0.4156268239021301,0.9033941626548767,0.10551466047763825,-0.03270101919770241,-0.1307767778635025,0.9908723831176758],"Head":[0.000002610154297144618,-0.000006854611001472222,-1.7217533354596527e-7,0.9376768469810486,0.34692949056625368,-0.020053014159202577,-0.2199447751045227,0.5478082299232483,-0.8071743845939636,-0.2690473794937134,0.761279284954071,0.5899723768234253]},"t":0.3607116000002861},{"p":{"Left Leg":[-0.7155407071113586,1.0219547748565674,0.5262066125869751,0.884610652923584,-0.22812175750732423,0.4067240357398987,0.24176329374313355,0.9701623916625977,0.01831403374671936,-0.3987662196159363,0.08213016390800476,0.913367509841919],"Right Arm":[-0.295299232006073,0.8554326295852661,-0.11733882874250412,0.04727518558502197,-0.3068903684616089,-0.9505699276924133,-0.43377500772476199,-0.8635272979736328,0.2572154998779297,-0.8997799754142761,0.4001736044883728,-0.17394500970840455],"Left Arm":[-0.021243512630462648,0.21648772060871125,-0.43131738901138308,-0.926485538482666,-0.13042128086090089,0.35300830006599429,0.21981316804885865,-0.9489259719848633,0.2263220250606537,0.3054615557193756,0.2872799336910248,0.907834529876709],"Torso":[0.00004360557795735076,1.98703134059906,1.5912071466445923,-0.02164587378501892,-0.9665709733963013,-0.255484014749527,0.32897070050239565,-0.24819958209991456,0.9111396074295044,-0.9440920352935791,-0.06432440876960755,0.32334595918655398],"Right Leg":[1.3442643880844117,1.6786738634109498,-0.31904205679893496,0.9114905595779419,0.39208707213401797,0.12430878728628159,-0.40222761034965517,0.9128560423851013,0.0700482651591301,-0.08601101487874985,-0.11384875327348709,0.9897679090499878],"Head":[0.0000032281338917528048,-0.000008757268915360328,-2.31196864319827e-7,0.954254150390625,0.2987735867500305,-0.011544369161128998,-0.16994614899158479,0.5102153420448303,-0.8430887460708618,-0.24600252509117127,0.8064829111099243,0.5376505851745606]},"t":0.37242120000018988},{"p":{"Left Leg":[-0.7151815891265869,1.0934805870056153,0.5226903557777405,0.8876750469207764,-0.2238045334815979,0.40242332220077517,0.23885923624038697,0.9709656238555908,0.013113383203744889,-0.3936740756034851,0.08448213338851929,0.9153597354888916],"Right Arm":[-0.2534428536891937,0.8500626683235169,-0.10368075221776962,0.08469468355178833,-0.31642085313796999,-0.9448305368423462,-0.4232754707336426,-0.8698518872261047,0.2533683776855469,-0.9020336866378784,0.37846463918685915,-0.20760488510131837],"Left Arm":[-0.08435890078544617,0.2434273064136505,-0.420367956161499,-0.9146444201469421,-0.11331966519355774,0.3880518078804016,0.21068769693374635,-0.9528582692146301,0.2183387577533722,0.3450163006782532,0.28146007657051089,0.8954015374183655],"Torso":[0.000044276119297137487,1.9606342315673829,1.5080565214157105,-0.054002076387405398,-0.954082727432251,-0.2946350872516632,0.28641805052757265,-0.2974669337272644,0.9107568860054016,-0.956581711769104,-0.03520607948303223,0.2893303632736206],"Right Leg":[1.344265341758728,1.6786744594573975,-0.31904271245002749,0.9117993116378784,0.38166967034339907,0.15149353444576264,-0.39230063557624819,0.918649435043335,0.04672681912779808,-0.12133524566888809,-0.1020364910364151,0.9873532056808472],"Head":[0.0000036401202123670375,-0.000010025707524619066,-2.705445183437405e-7,0.9637067914009094,0.2669292688369751,-0.0042380839586257938,-0.13739335536956788,0.4823010563850403,-0.865164041519165,-0.22889354825019837,0.8343467712402344,0.5014711022377014]},"t":0.38388639999993759},{"p":{"Left Leg":[-0.7144633531570435,1.2365362644195557,0.5156576633453369,0.8936861157417297,-0.21519199013710023,0.3937227129936218,0.23295506834983827,0.9724836349487305,0.0027480758726596834,-0.3834802508354187,0.08926378190517426,0.9192251563072205],"Right Arm":[-0.1697276532649994,0.8393225073814392,-0.07636380940675736,0.15834152698516847,-0.33480507135391238,-0.9288884401321411,-0.399722695350647,-0.8819559812545776,0.24975086748600007,-0.9028565883636475,0.33175188302993777,-0.2734792232513428],"Left Arm":[-0.2105933427810669,0.2973080277442932,-0.39846840500831606,-0.8869569301605225,-0.07667398452758789,0.45544323325157168,0.1880645751953125,-0.9606251120567322,0.20452652871608735,0.42182835936546328,0.26705896854400637,0.8664526343345642],"Torso":[0.000045617238356499,1.9078385829925538,1.3417506217956544,-0.11344605684280396,-0.9203910231590271,-0.3741796314716339,0.1957424283027649,-0.3899344503879547,0.899797797203064,-0.9740713834762573,0.028835713863372804,0.22439610958099366],"Right Leg":[1.3442670106887818,1.6786757707595826,-0.3190440535545349,0.9090837836265564,0.3619765639305115,0.20625141263008119,-0.37012535333633425,0.9289813041687012,0.000996232032775879,-0.19124308228492738,-0.07724452018737793,0.9784985184669495],"Head":[0.0000044641169552051,-0.000012562657502712682,-3.4924215697174079e-7,0.9788035154342651,0.20431113243103028,0.0141669362783432,-0.07458609342575073,0.4200369417667389,-0.9044367671012878,-0.19073714315891267,0.8842092156410217,0.4263724088668823]},"t":0.39755719999993746},{"p":{"Left Leg":[-0.7139247059822083,1.343824863433838,0.5103833079338074,0.8980906009674072,-0.20875319838523866,0.3871116042137146,0.22844383120536805,0.9735442996025086,-0.004992742091417313,-0.3758280277252197,0.09291720390319824,0.922019362449646],"Right Arm":[-0.10694307088851929,0.8312675952911377,-0.05587668716907501,0.21231287717819215,-0.34780120849609377,-0.9132128953933716,-0.38009363412857058,-0.8903207182884216,0.2507147490978241,-0.9002512693405151,0.29387643933296206,-0.3212233781814575],"Left Arm":[-0.30526643991470339,0.3377174437046051,-0.3820442259311676,-0.8627736568450928,-0.04723350331187248,0.503379225730896,0.16744014620780946,-0.966135561466217,0.19633108377456666,0.47705918550491335,0.2536751627922058,0.8414652347564697],"Torso":[0.00004662304854718968,1.8682429790496827,1.217024564743042,-0.1529102325439453,-0.887734055519104,-0.434219628572464,0.12363031506538391,-0.45311883091926577,0.8828356266021729,-0.9804763793945313,0.08131185173988342,0.1790372133255005],"Right Leg":[1.3442683219909669,1.6786766052246094,-0.3190450668334961,0.9041361212730408,0.3482663333415985,0.24748417735099793,-0.3515286147594452,0.9356169104576111,-0.032382525503635409,-0.2428281307220459,-0.05771955847740173,0.9683506488800049],"Head":[0.000005082096777186962,-0.000014465315871348139,-4.082636735347478e-7,0.9868403673171997,0.15866830945014954,0.031151793897151948,-0.029851697385311128,0.3681153655052185,-0.9293007254600525,-0.15891802310943604,0.9161415696144104,0.368007630109787]},"t":0.4102989000002708},{"p":{"Left Leg":[-0